0     0     529     6
1     21     484     6
2     34     592     6
3     56     533     8
4     76     577     1
5     91     441     4
6     111     434     8
7     131     509     3
8     155     435     9
9     166     460     8
10     185     543     5
11     207     543     9
12     228     534     3
13     244     465     9
14     264     481     6
15     285     559     3
16     299     531     9
17     318     554     6
18     344     508     4
19     359     502     0
20     377     472     3
21     400     511     7
22     418     450     4
23     433     459     2
24     455     523     1
25     473     493     7
26     492     491     9
27     509     445     7
28     529     606     3
29     552     461     9
30     569     565     8
31     591     477     2
32     607     472     6
33     625     564     7
34     645     473     5
35     665     510     6
36     684     557     4
37     703     546     6
38     718     443     2
39     744     451     6
40     762     558     3
41     775     623     2
42     797     571     3
43     816     561     6
44     838     339     7
45     853     537     7
46     872     523     3
47     891     513     1
48     911     536     9
49     931     526     8
50     946     520     0
51     972     456     7
52     985     403     6
53     1005     510     2
54     1023     452     6
55     1047     562     5
56     1062     490     6
57     1081     485     4
58     1102     451     4
59     1121     475     0
60     1138     511     3
61     1153     528     5
62     1177     494     0
63     1193     576     2
64     1213     509     8
65     1233     514     0
66     1253     445     3
67     1274     517     8
68     1291     439     2
69     1308     488     1
70     1328     538     2
71     1345     537     6
72     1363     533     1
73     1388     454     1
74     1405     558     1
75     1421     518     6
76     1441     607     8
77     1462     431     4
78     1479     504     0
79     1498     529     5
80     1522     512     2
81     1537     493     3
82     1560     564     9
83     1571     489     3
84     1596     479     5
85     1613     531     0
86     1637     462     7
87     1651     513     4
88     1668     522     4
89     1689     496     3
90     1708     525     7
91     1726     471     6
92     1744     500     4
93     1766     455     2
94     1784     473     0
95     1803     470     2
96     1821     580     3
97     1843     516     2
98     1860     449     0
99     1881     499     4
