171.62        178.52
175.3        183.16
187.94        194.46
222.82        230.92
226.84        236.36
215.52        223.86
248.84        258.32
294.08        304.94
243.28        252.94
235.36        244.92
233.78        244.78
281.84        293.56
307.12        319.24
361.78        376.3
351.72        365.92
405.48        420.54
386.54        402.68
441.66        460.34
509.46        529.2
454.26        473.38
505.14        524.6
545.62        567.14
535.26        556.64
548.64        570.74
552.28        576.06
576.9        599.78
601.18        625.6
688.56        716.82
709.76        738.38
725.34        754.92
633.98        660.42
709.62        739.94
804.86        837.74
826.86        860.28
861.22        894.88
870.86        906.08
805.78        839.46
869.02        905.1
850.22        885.28
889.4        925.9
949.98        988.98
944.64        982.42
995.04        1036.5
992.04        1032.3
1095.96        1139.64
1083.82        1127.78
1125.86        1171.08
1053.72        1098.02
1219.12        1268.34
1181.78        1229.82
144.12        151.44
109.5        115.4
151.5        159.56
186.5        195.7
189.38        197.78
157.64        165.96
242.62        252.9
186.4        195.62
236.1        246.22
254.44        265.3
217.82        227.38
214.64        225.8
258.86        271.18
290.92        304.6
303.22        316.36
274.3        287.14
405        422.66
356.58        371.9
466.82        487.28
421.54        439.42
512.2        533.86
442.2        461.62
543.62        565.56
559.6        582.24
633.56        658.34
607.54        633.54
653.32        681.76
634.82        662.24
709.7        739.3
701.32        731.78
730.36        761.46
739.66        770.74
720.68        751.44
825.44        859.6
739.78        772.84
775.44        807.66
832.68        868.8
826.74        862.4
902.62        939.42
847.58        883.24
958.22        998.46
938.46        978.28
1056.52        1101.64
1088.36        1131.86
1047.3        1090.74
1107.26        1153.62
1104.88        1151.08
1054.82        1100.44
1101.82        1148.36
1142.86        1189.46
130.06        137.04
168.92        178.3
191.58        201.12
111.18        118.18
100.92        107.7
215.6        225.34
149.96        158.04
159.7        168.46
181.78        191.66
205.7        215.9
197.84        208.4
206.94        217.72
220.44        231.36
305.08        319.12
322.48        336.38
286.22        300.62
328.14        343.62
383.04        400.5
383.06        400.94
448.8        468.98
448.26        467.92
379.54        396.78
481.08        502.86
556.28        579.76
516.62        539.56
581.8        607.18
569.56        593.2
556.5        581.16
701.72        732.56
575.76        602.04
646.64        675.4
772.22        804.96
667.1        696.8
775.24        807.76
743.62        775.58
777.86        811.02
857.88        893.74
952.6        990.96
858.36        896.54
896.5        935.52
946.08        985.46
933.4        972.38
923.28        964.86
965.66        1007.7
1025.7        1069.72
967.78        1010.08
1048.38        1093.14
1129.66        1177.08
1082.9        1129.1
1100.2        1146.52
137.66        145.7
112        119.5
98.56        105.58
91.56        98.54
107.5        115.18
168.14        177.28
164.6        174.68
165.36        174.5
149.28        159.22
192.92        204.84
237.56        249.66
234.6        247.2
229.38        240.88
274.6        288.58
295.18        310.86
282.92        297.8
300.06        315.5
338.7        355.4
370.08        387.16
372.32        391.82
393.94        412.72
440.12        460.42
455.66        475.76
501.56        525.4
449.94        471.12
531.78        556.46
552.9        578.08
565.68        592.06
665.48        695.16
623.4        652.18
561.02        588.84
695.44        726.16
726.44        758.34
717.04        750.6
736.12        768.02
806.44        841.8
869.88        907.84
849.48        887.04
824.12        861.04
803.52        839.54
863.24        900.48
947.4        989
933.9        975.34
1007.94        1052.98
1095.72        1142.66
956.22        997.96
1014.52        1059.28
1081.94        1128.7
1058.22        1105.54
1090.3        1137.42
97.58        105
57.34        64.2
88.9        96.48
123.98        133.34
93.3        101.5
132.9        141.92
135.4        145.52
179.06        189.6
135.66        145.56
227.04        240.26
158.94        169.48
240.9        254.54
324.06        339.98
248.46        261.46
248.72        263.8
214.4        228.6
277.98        292.5
302.78        319.74
284.12        300.2
343.5        362.52
427.52        449.44
427.56        449.42
403.64        422.92
454.42        475.36
466.92        491.6
492.24        517
539.32        565.9
533.42        560.18
544.28        570.52
577.86        606.5
642.02        672.14
637.64        667.76
761.8        794.76
706.74        738.16
779.6        814.64
763.8        799.02
748.9        782
784.4        818.82
832.82        870.56
860.52        899.5
926.1        967.16
850.06        889.2
890.7        930.8
978.12        1022.16
1006.16        1050.44
960.18        1003.86
1111.18        1159
1063.7        1109.98
1072.74        1120.84
1086.86        1136.22
