0     0     40     0
1     3     34     1
2     7     44     4
3     10     46     6
4     16     46     6
5     20     33     6
6     24     53     6
7     26     68     9
8     31     49     1
9     37     58     9
10     38     45     0
11     44     44     5
12     48     44     6
13     51     77     8
14     55     36     8
15     60     41     9
16     62     47     7
17     67     81     5
18     71     50     7
19     75     68     5
20     79     18     1
21     83     49     4
22     87     37     1
23     92     40     3
24     94     40     2
25     100     51     1
26     104     54     8
27     108     51     0
28     111     52     3
29     117     45     8
30     120     49     5
31     123     49     0
32     128     50     7
33     132     37     4
34     136     42     1
35     139     65     4
36     144     46     1
37     149     69     3
38     151     55     2
39     155     64     8
40     159     38     1
41     164     49     8
42     167     51     0
43     172     71     4
44     177     58     9
45     179     51     8
46     183     32     9
47     185     53     0
48     192     45     3
49     195     53     6
