177.54        184.44
168.88        176.74
150.38        156.9
201.16        209.26
240.92        250.44
207.32        215.66
225        234.48
296.8        307.66
239.44        249.1
224.96        234.52
273.6        284.6
262.8        274.52
278.94        291.06
330.8        345.32
343.22        357.42
372.72        387.78
412.76        428.9
574.56        593.24
493.1        512.84
478.1        497.22
484.02        503.48
540.36        561.88
549.88        571.26
535.18        557.28
578.02        601.8
543.04        565.92
606.98        631.4
690.4        718.66
699.02        727.64
726.38        755.96
649.54        675.98
706.18        736.5
811.46        844.34
843.4        876.82
820.42        854.08
861.92        897.14
784.88        818.56
841.82        877.9
835.22        870.28
935        971.5
950.04        989.04
932.28        970.06
1012.72        1054.18
976.14        1016.4
1095.34        1139.02
1078.7        1122.66
1131.76        1176.98
1070.24        1114.54
1196.56        1245.78
1191.04        1239.08
187.84        195.16
144.8        150.7
221.16        229.22
215.58        224.78
249.02        257.42
222.44        230.76
230.36        240.64
244.9        254.12
237.7        247.82
281.6        292.46
238.48        248.04
308.02        319.18
247.38        259.7
321.7        335.38
330.1        343.24
291.14        303.98
457.06        474.72
369.74        385.06
513.32        533.78
429.92        447.8
498.3        519.96
439.68        459.1
537.72        559.66
560.78        583.42
581.82        606.6
652.62        678.62
666.44        694.88
641.42        668.84
708.8        738.4
741.24        771.7
825.7        856.8
740.72        771.8
718.04        748.8
849.84        884
834.6        867.66
847.02        879.24
863.28        899.4
842.7        878.36
874.66        911.46
852.04        887.7
964.84        1005.08
948.14        987.96
1052.24        1097.36
1056.8        1100.3
1035.72        1079.16
1151.86        1198.22
1090.74        1136.94
1075        1120.62
1106.92        1153.46
1114.38        1160.98
178.26        185.24
221.98        231.36
214.98        224.52
146.86        153.86
127.26        134.04
213.92        223.66
194.82        202.9
228.4        237.16
184.98        194.86
215.74        225.94
233.54        244.1
210.46        221.24
288.3        299.22
354.08        368.12
299.22        313.12
359.84        374.24
365.28        380.76
408.48        425.94
401.88        419.76
455.24        475.42
443.96        463.62
385.92        403.16
503.56        525.34
570.08        593.56
527.96        550.9
596.36        621.74
544.46        568.1
579.6        604.26
735.56        766.4
655.86        682.14
659.02        687.78
804.5        837.24
700.1        729.8
844.48        877
738.16        770.12
816.62        849.78
874.5        910.36
872.8        911.16
824.02        862.2
981.84        1020.86
940.84        980.22
967.6        1006.58
972.04        1013.62
996.94        1038.98
1009.76        1053.78
1012.12        1054.42
1042.98        1087.74
1146.2        1193.62
1071.1        1117.3
1083.18        1129.5
149.2        157.24
140.84        148.34
125.98        133
107.72        114.7
118.08        125.76
165.46        174.6
200.86        210.94
167.84        176.98
206.28        216.22
254.24        266.16
266.3        278.4
246.56        259.16
280.06        291.56
305.04        319.02
344.82        360.5
341.4        356.28
311.88        327.32
398.54        415.24
369.72        386.8
451.98        471.48
364.46        383.24
444.08        464.38
421.84        441.94
526.24        550.08
430.16        451.34
558.08        582.76
547.42        572.6
612.42        638.8
702.52        732.2
685.86        714.64
611.98        639.8
694.88        725.6
690.52        722.42
728.84        762.4
757.06        788.96
830.88        866.24
842.5        880.46
891.02        928.58
892.6        929.52
898.02        934.04
858.22        895.46
986.38        1027.98
960.6        1002.04
1042.7        1087.74
1098.42        1145.36
963.24        1004.98
1061.3        1106.06
1113.26        1160.02
1138.32        1185.64
1070.56        1117.68
105.18        112.6
68.44        75.3
127.3        134.88
146.34        155.7
117.86        126.06
122.66        131.68
185.8        195.92
181.7        192.24
197.84        207.74
269.64        282.86
181.44        191.98
279.94        293.58
316.86        332.78
259.18        272.18
280.08        295.16
287.88        302.08
264.3        278.82
262.04        279
341.46        357.54
378.52        397.54
436.2        458.12
468.26        490.12
341.26        360.54
444        464.94
512.98        537.66
477.7        502.46
577.06        603.64
572.2        598.96
512.6        538.84
651.48        680.12
665.98        696.1
650.26        680.38
769.02        801.98
743.52        774.94
816.34        851.38
762.26        797.48
739.98        773.08
786.6        821.02
850.58        888.32
1011.38        1050.36
926.9        967.96
895.74        934.88
933.58        973.68
982.5        1026.54
980.1        1024.38
958.72        1002.4
1098.24        1146.06
1086.58        1132.86
1118.5        1166.6
1144.58        1193.94
