44.46        175.92
43.92        197.62
44.46        163.6
46.72        245.16
47.62        285.12
47.4        232.74
46.08        273.22
44.5        282.46
47.6        274.46
45.86        252.88
45.64        315.18
45.46        310.68
46.66        357.06
47.48        462.78
47.74        437.42
48.02        449.34
48.84        569.84
48.02        644.76
47.52        696.76
48.76        685.72
48.08        678.82
49        833.62
49        794.5
49        774.52
48.76        891.74
49        891.34
49        926.26
49        1170.44
49        1164.1
49        1179.84
48.78        1047.8
49        1171.78
49        1339.9
49        1392.62
49        1443
49        1470.14
49        1346.16
49        1459.68
49        1454.7
49        1533.46
49        1687.52
49        1616.38
49        1833.14
49        1718.38
49        1930.18
49        1936.56
49        2001.18
49        1918.56
49        2157.48
49        2146.6
44.24        172.94
44.02        129.32
42.8        187.5
45.86        236
44.26        203.96
45.46        187.8
45.3        275.16
45.18        228.3
46.64        271.12
46.56        313.06
46.38        261.16
45.68        291.76
46.22        297.26
47.68        421.06
47.8        358.54
47.26        390.5
47.76        574.5
49        505.04
49        718.14
47.6        575.62
49        796.98
48.3        677.34
49        815.28
49        804.9
49        925.02
49        1025.18
49        1157.3
49        1016.82
49        1172.36
49        1211.6
49        1266.54
49        1278.18
49        1224.02
49        1395.28
49        1313.94
49        1273.66
49        1495.56
49        1411.28
49        1568.64
49        1509.62
49        1622.32
49        1751.16
49        1925.88
49        1870.08
49        1864.68
49        2028.96
49        2057.76
49        1969.08
49        2006.98
49        2040.64
48.72        156.54
49.52        240.2
47.7        231.26
49.46        138.68
49.18        132.86
49.92        222.42
48.56        177.88
48.78        207.4
49.44        208.86
48.18        248.98
48.62        265.7
49.06        274.12
48.26        278.22
49.58        415.46
49.92        386.54
49.04        386.14
49.82        488.04
49.76        566.82
49.74        607.18
50.04        664.9
49.88        651.4
49.68        560.58
50.72        782.1
49.28        803.96
49.94        813.1
50.36        971.08
49.9        793.12
49.62        886.66
49        1212.92
48.48        985.88
50.36        1125.16
50.82        1264.22
49.74        1154.08
49.56        1234.84
49.32        1312.5
49.74        1368.08
50.38        1471.44
49.9        1550.76
50.72        1564.9
49.88        1671.22
49.94        1606.58
50.76        1636.14
49.92        1701.74
49        1716.3
49.88        1883.66
49.74        1762.1
49.98        1927.02
49.72        2082.62
49.04        1972.28
49.98        2001.44
73.14        205.62
73.54        177.42
72.3        174.08
72.26        167.5
72.98        181.6
71.26        218.66
73.18        256.72
72.4        244.72
73.06        260.82
72.14        342.54
73.32        332.98
73.32        373.52
73.16        297.74
73.26        444.8
73.44        502.78
73.14        451.06
73.2        488.62
73.02        545.4
73.12        546.36
73.32        671.4
73.06        631.84
73.36        744.24
73.34        692.18
73.24        933.28
72.14        750.96
73.26        942.58
73        965.5
73.5        1064.92
73.14        1199.02
73.44        1163.2
73.34        1072.5
73.08        1223.62
73.24        1301.36
73.16        1385.72
73.24        1332.58
73.18        1464.86
73.24        1588.06
71.38        1561.02
73.04        1507.36
73.36        1476.68
73.54        1565.7
72.2        1824.82
73.3        1745.94
72.18        1910.4
73.32        2034.06
73.44        1758.72
73.24        1944.24
73.32        2037.02
73.16        2061.54
72.08        2002.34
96.74        190.62
97.68        184.88
97.56        200.48
96.36        260.06
97.82        228.02
97.6        248
96.54        280.44
97.6        330.74
97.32        252.92
97.64        409.8
97.64        322.12
96.66        426.88
97.62        518.94
97.48        438.92
97.38        496.34
97.2        483.62
97.58        467.68
97.56        539.68
97.3        575.74
96.66        692.24
97.48        832.84
97.66        797.08
96.6        666.2
97.68        752.38
95.36        936.4
97.64        944.04
97.72        1015.42
97.46        1104.62
96.36        1072.58
96.66        1092.98
97.56        1186.68
97.3        1202.52
96.7        1346.22
96.74        1272.28
97.5        1510.92
97.38        1444.94
96.56        1336.4
96.72        1459.28
97.66        1593.02
97.62        1699.86
97.6        1729.56
97.6        1665.4
97.6        1718.32
97.24        1953.66
97.72        1941.24
96.56        1882.56
97.48        2123.08
95.68        1992.48
97.56        2127.7
97.42        2127.9
