123.86        130.76
132.94        140.8
98.1        104.62
161.1        169.2
175.74        185.26
148.84        157.18
174.12        183.6
165.98        176.84
186.38        196.04
171.82        181.38
218.44        229.44
186.24        197.96
261.66        273.78
305.5        320.02
276.9        291.1
298.04        313.1
332.6        348.82
393.88        412.56
486.16        505.9
465.56        484.68
412.46        431.92
592.54        614.14
536.66        558.12
476.6        498.7
615.28        639.1
634.1        656.98
601.3        625.72
716.32        745.06
768.04        796.66
834.06        863.64
650.36        677.76
771.28        801.68
894.34        927.22
938.82        972.52
1026.02        1060.28
842.9        878.12
946.02        979.7
1052.6        1089.08
938.72        973.78
1003.26        1040.28
1115.28        1154.28
1078.6        1119.58
1137.74        1179.2
1083.56        1123.82
1234.54        1278.22
1391.64        1435.6
1345.08        1390.3
1285.86        1330.16
1320.08        1370.34
1347.8        1395.84
188.52        195.84
143.78        149.68
201.06        209.24
247.5        257.94
210.6        219.04
198.58        214.54
278.24        288.76
240.28        249.5
278.46        289.34
316.06        330.04
268.02        277.86
305.84        317
314.54        326.9
426.6        440.28
368.72        381.86
398.86        413.58
573.42        591.2
513.1        528.42
718.88        739.58
566.42        603.94
795.38        828.44
678.32        704.34
803.48        840.14
776.42        825.22
917.98        942.76
999.08        1062.2
1144.94        1173.38
1007.08        1049.9
1155.36        1192.84
1180.26        1229.6
1262.18        1293.28
1257.86        1298.98
1210.1        1260.98
1356.3        1437.54
1296.58        1329.88
1252.84        1285.3
1465.82        1533.94
1367.88        1423.82
1523.24        1615.88
1476.36        1543.86
1598.98        1653.66
1702.88        1759.78
1874.86        1935.26
1810.86        1912.12
1843.98        1887.42
1982.04        2081.24
2002.6        2118.48
1932.66        2009.04
1987.3        2033.84
1974.12        2083.84
166.48        174.78
259.3        268.68
235.58        245.72
148.28        158.48
143.12        149.98
228.24        243.9
180.6        193.52
210.94        224.18
217        227.24
250.76        261
282.98        293.58
279.2        290.14
289.58        300.86
423.96        438.08
389.12        407.86
395.82        410.66
482.96        506.52
576.7        594.2
613.04        631.2
664.26        684.8
634.58        687.52
564.68        582.12
772.62        817.96
791.8        825.4
800.72        837.98
953.56        1001.74
783.42        807.06
871.42        916.68
1182.42        1228.1
966.42        1025.5
1115.7        1149.9
1253.4        1289.62
1144.82        1183.48
1215.18        1267.14
1289.5        1365.26
1333.02        1402.02
1453.66        1489.52
1523.1        1586.74
1555.2        1593.38
1654.06        1693.08
1604.4        1643.78
1621.88        1660.86
1684.7        1735.48
1698.26        1740.3
1859.5        1915.04
1727.16        1798.66
1913.56        1958.32
2045.94        2093.36
1925.68        2023.68
1946.12        2044.68
181.96        190.32
156.52        164.06
141.72        152.54
144.9        151.96
155.58        163.42
185.06        200.28
229.22        239.3
214.96        241.42
234.2        244.78
317.58        329.62
294.74        319.56
335.28        348.04
265.74        278.36
411.78        425.88
464.56        480.96
413.72        428.68
459.64        475.88
505.04        521.86
512.38        529.86
621.86        656.32
594.06        613
683.6        718.18
651.62        671.96
884.16        908
701.7        735.64
869.22        938.58
904.92        937.58
1015.7        1042.08
1149.52        1179.2
1114.18        1142.96
985.76        1062.02
1162.44        1215.16
1234.48        1291.02
1336.04        1370.24
1263.82        1307.56
1381.5        1452.06
1491.36        1590.32
1463.62        1573.74
1453.82        1490.74
1397.48        1488.82
1478        1572.04
1744.24        1785.84
1664.94        1725.86
1834.86        1925.54
1926.28        2025.82
1685.8        1739.7
1863.52        1922.56
1925.74        2044.46
1959.3        2017.26
1897.34        2027.66
132.9        140.68
123.98        135.16
128.92        147.98
190.74        201.58
162.44        172.16
184.74        194.32
219.24        229.52
259.1        270.8
189.26        209.52
333.84        347.74
240.66        262.44
347.7        361.38
448.56        464.88
350.96        384.56
416.44        432.44
406.6        420.84
384.88        408.56
465        481.96
488.64        517.76
602.9        622
722        773.76
702.42        724.28
568.36        602.04
663.2        684.18
852.4        877.08
849.84        875.4
916.16        964.3
1010.5        1037.26
976.64        1002.88
1003.26        1033.22
1090.36        1120.48
1108.18        1138.3
1235.3        1269.1
1144.66        1236.68
1407.22        1442.26
1329.76        1406.54
1233.04        1266.14
1349.26        1383.68
1474.42        1526.88
1589.02        1628
1596.44        1691.3
1525.2        1606.18
1604.32        1676.9
1798        1899.52
1822.22        1866.5
1769.2        1812.88
1992.4        2048.1
1847.62        1946.74
2008.96        2057.06
2010.54        2066.74
