123.86        130.76
132.94        140.8
98.1        104.62
161.1        169.2
175.74        185.26
148.84        157.18
174.12        183.6
165.98        176.84
186.38        196.04
171.82        181.38
218.44        229.44
186.24        197.96
261.66        273.78
305.5        320.02
276.9        291.1
293.42        308.48
284        300.14
393.88        412.56
486.16        505.9
340.48        359.6
412.46        431.92
412.08        433.6
391.74        413.12
394.98        417.08
443.28        467.06
438.24        461.12
457.34        481.76
580.26        608.52
572.14        600.76
582.66        612.24
518.96        545.4
578.72        609.04
661.16        694.04
686.72        720.14
708.54        742.2
723.28        758.5
663.78        697.46
718.18        754.26
715.82        750.88
755.86        792.36
831.1        870.1
797.22        835
904.52        945.98
847.32        887.58
947.42        991.1
952.48        996.44
981.62        1026.84
945.52        989.82
1060.56        1109.78
1056.12        1104.16
134.94        142.26
111.56        117.46
139.48        147.54
170.1        179.3
156.54        164.94
132.34        140.66
189.92        200.2
186.82        196.04
175.8        185.92
192.6        203.46
188.12        197.68
199.3        210.46
214.02        226.34
263.44        277.12
226.72        239.86
255.24        268.08
327.24        344.9
329.14        344.46
393.78        414.24
314.36        332.24
426.14        447.8
365.62        385.04
416.92        438.86
427.58        450.22
479.68        504.46
537.22        563.22
630.1        658.54
547.54        574.96
593.78        623.38
591.5        621.96
684.22        715.32
654.8        685.88
619.32        650.08
685.78        719.94
679.14        712.2
678.48        710.7
751.5        787.62
691.14        726.8
767.24        804.04
738.58        774.24
799.8        840.04
853.78        893.6
939.22        984.34
915.2        958.7
933.6        977.04
991.9        1038.26
1011.52        1057.72
974.5        1020.12
988.92        1035.46
999.9        1046.5
93.4        100.38
150.98        160.36
146.62        156.16
98.1        105.1
72.14        78.92
148.62        158.36
100.2        108.28
113.08        121.84
127.94        137.82
132.8        143
153.42        163.98
151.54        162.32
165.1        176.02
228.26        242.3
231.9        245.8
232.36        246.76
260.3        275.78
310.04        327.5
322.92        340.8
374.94        395.12
358.8        378.46
301.28        318.52
410.56        432.34
434.68        458.16
429.52        452.46
462.18        487.56
403.32        426.96
465.78        490.44
596.7        627.54
508.48        534.76
559.22        587.98
684.44        717.18
620.86        650.56
603.4        635.92
655.8        687.76
683.4        716.56
746.14        782
753.84        792.2
768.54        806.72
871.14        910.16
808.22        847.6
826.32        865.3
882.98        924.56
862.98        905.02
930.06        974.08
874.4        916.7
982.4        1027.16
1036.02        1083.44
951.78        997.98
1006.24        1052.56
91.64        99.68
75.32        82.82
69.26        76.28
59.96        66.94
75.22        82.9
102.96        112.1
116        126.08
113.88        123.02
124.04        133.98
156.38        168.3
156.64        168.74
171.82        184.42
142.7        154.2
195.26        209.24
253.3        268.98
188.06        202.94
237.88        253.32
226.14        242.84
278.48        295.56
296.08        315.58
304.38        323.16
340.44        360.74
319.18        339.28
437.7        461.54
380.76        401.94
443.8        468.48
420.1        445.28
488.62        515
583.3        612.98
592.88        621.66
551.74        579.56
589.04        619.76
605.48        637.38
679.62        713.18
633.1        665
724.9        760.26
771.76        809.72
746.92        784.48
711.98        748.9
691.64        727.66
753.1        790.34
929.48        971.08
885.82        927.26
890.08        935.12
957.22        1004.16
836.32        878.06
896.1        940.86
984.72        1031.48
957.9        1005.22
948.3        995.42
58.76        66.18
47.48        54.34
53.82        61.4
87.14        96.5
71.68        79.88
71.74        80.76
99.5        109.62
121.46        132
96.58        106.48
144.76        157.98
117.4        127.94
159.46        173.1
218.44        234.36
165.78        178.78
209.1        224.18
178.54        192.74
192.52        207.04
207.56        224.52
228.66        244.74
294.18        313.2
363.46        385.38
336.34        358.2
270.74        290.02
354.16        375.1
380.52        405.2
460.24        485
468.58        495.16
513.58        540.34
447.6        473.84
502.24        530.88
536.92        567.04
547.8        577.92
609.54        642.5
565.36        596.78
650.1        685.14
672.42        707.64
606.18        639.28
674.74        709.16
691.22        728.96
781.32        820.3
812.58        853.64
784.6        823.74
787.22        827.32
871.28        915.32
860.66        904.94
832.9        876.58
985.92        1033.74
917.56        963.84
1015.06        1063.16
953.44        1002.8
