359.04        366.28
367.14        374.67
372.7        379.96
435.92        444.19
431.3        439.53
413.92        422.33
467.88        476.87
530.25        540.4
467.2        476.43
484.72        495.09
493.88        504.07
579.38        591.59
592.32        604.29
664.03        677.54
700.26        714.67
746.34        760.53
790.08        806.07
834.43        851.43
923.15        941.37
960.84        980.1
993.04        1012.85
1021.23        1041.36
1159.02        1182.19
1149.14        1172.12
1122.25        1145.35
1185.19        1209.21
1239.28        1264.3
1405.54        1434.44
1429.22        1457.06
1456.03        1484.95
1383.4        1412.7
1564.05        1596.42
1587.48        1619.29
1651.89        1685.14
1713.51        1747.93
1772.98        1808.62
1641.63        1675.47
1767.68        1803.5
1777.71        1815.02
1857.21        1895.18
1907.01        1945.44
2022.71        2062.99
2059.56        2102.06
2058.87        2101.11
2189.66        2233.87
2216.81        2261.53
2308.09        2354.85
2196.96        2242.43
2377.48        2424.6
2375.92        2424.44
2395.07        2444.53
2495.07        2544.94
2585.22        2637.26
2554.15        2605.95
2696.88        2750.38
2652.7        2707.11
2871.27        2928.17
2711.59        2767.09
2819.49        2876.62
2968.17        3027.73
2843.4        2900.38
2974.52        3035
2942.24        3002.1
3146.91        3210.89
3157.82        3222.57
3098.33        3161
3322.58        3389.82
3189.62        3254.98
3461.17        3530.6
3306.22        3373.91
3545.72        3616.49
3562.7        3634.26
3597.84        3670.45
3594.15        3665.9
3689.18        3763.32
3684.16        3758.8
3818.01        3894.43
3803.54        3879.94
3875.85        3953.25
3962.69        4041.61
4000.35        4081.05
4041.58        4123.16
3966.19        4046.83
4093.31        4176.11
4139.5        4223.05
4104.64        4187.8
4285.51        4371.26
4210.75        4296.67
4294.44        4380.27
4248.22        4334.74
4432.92        4522.13
4451.52        4540.9
4673.5        4767.39
4629.56        4722.99
4642.72        4735.52
4698.6        4793.4
4798.3        4894.92
4715.41        4811.42
4852.65        4951
4858.21        4956.55
293.53        300.74
374.41        382.64
389.66        397.95
318.67        326.31
290.16        297.08
462.68        472.74
349.79        358.19
389.91        398.73
445.56        456.17
495.23        506.6
489.84        500.97
523.12        534.89
508.71        521.12
643.3        657.51
688.01        703
695.16        710.52
709.04        724.32
795.9        812.57
845.59        863.65
957.76        977.9
967.67        988.94
847.05        865.31
1025.82        1047.1
1094.1        1116.35
1131.19        1155.62
1205.92        1231.23
1173.71        1198.75
1182.53        1207.79
1462.88        1493.63
1251.64        1278.29
1359.66        1388.24
1581.78        1614.44
1468.96        1500.81
1606.37        1639.51
1566.83        1599.8
1612.48        1646.91
1749.75        1785.94
1828.05        1864.51
1782.75        1819.92
1864.93        1903.2
1926.64        1966.04
1928.75        1969.67
1977.28        2019.06
2078.96        2122.59
2137.6        2181.19
2045.66        2089.12
2164.04        2208.34
2273.11        2319.53
2259.86        2306.78
2273.03        2320.76
2462.19        2512.27
2516.26        2567.74
2496.12        2547.34
2548.31        2601.22
2611.68        2665.24
2718.93        2773.97
2715.82        2771.36
2732.02        2788.49
2800.35        2858.45
2884.11        2944
2984.41        3045.5
2979.71        3040.03
2984.31        3046.12
3084.08        3145.73
3124.91        3188.3
3137.46        3202.81
3177.28        3243.81
3226.87        3293.56
3259.07        3326.65
3357.14        3426.54
3371.88        3441.78
3405.99        3475.72
3457.17        3528.14
3603.73        3677.28
3525.09        3597.91
3607.81        3681.2
3641.27        3715.4
3702.4        3778.01
3869.53        3948.09
3863.88        3942.72
3775.72        3853.56
3952.29        4032.82
4031.45        4113.91
4030.29        4112.93
4001.68        4083.31
4214.34        4299.94
4306.5        4394.13
4295.4        4382.47
4259.6        4346.72
4245.27        4332.6
4318.85        4407.88
4485.32        4576.41
4481.43        4573.13
4607.4        4700.6
4718.22        4813.4
4527.19        4620.11
4603.35        4697.48
4754.5        4851.37
4770.76        4868.94
4785.82        4883.68
275.81        283.15
232.51        239.53
278.91        286.51
354.33        362.83
287.58        295.61
342.99        351.54
343.93        352.33
419.85        430.04
352.98        361.74
518.83        530.14
442.99        454.64
550.11        563.25
680.75        695.11
540.42        552.81
609.66        623.81
573        586.66
664.5        680.6
744.12        761.34
701.95        718.37
854.65        874.11
973.42        995.09
952.9        974.13
892.05        912.06
973.26        995.21
1118.05        1143.18
1094.1        1117.76
1195.63        1221.47
1241.73        1269
1210.28        1236.3
1276.4        1304.01
1388.4        1418.4
1347.23        1375.89
1524.3        1555.43
1485.47        1517.01
1651.04        1686.63
1633.31        1668.14
1565.03        1598.93
1657.09        1692.58
1758.09        1795.68
1834.74        1873.81
1945.52        1986.29
1844.3        1884.06
1914.66        1955.64
2085.36        2129.67
2120.11        2164.55
2060.9        2104.19
2248.91        2295.17
2196.82        2242.39
2292.61        2341.15
2300.45        2348.91
2370.94        2419.95
2376.71        2427.5
2545.23        2597.07
2516.29        2569.24
2629.41        2683.58
2734.37        2790.28
2632.31        2687.49
2572.1        2626.11
2696.02        2752.93
2836.27        2895.11
2864.69        2924.6
2887.54        2948.55
2948.6        3010.56
3082.87        3147.08
2997.72        3060.95
3018.4        3082.65
3144.05        3208.65
3203.62        3270.25
3249.76        3316.77
3292.33        3360.54
3295.72        3365.16
3373.96        3443.52
3492.3        3564.53
3560.3        3633.43
3595.85        3669.93
3539.17        3612.86
3575.15        3649.4
3739.3        3816.77
3751.32        3828.96
3834.81        3913.92
3871.98        3952.07
3857.64        3937.93
4038.1        4121.04
4018.96        4102.31
4028.16        4112.51
4003.49        4087.27
4138.02        4224.45
4226.89        4313.75
4261.05        4349.16
4268.95        4357.09
4285.26        4373.3
4408.56        4500.17
4416.81        4508.01
4543.39        4637.7
4565.44        4659.99
4491.6        4583.32
4500.26        4593.56
4697.06        4793.84
4794.33        4893.18
4789.08        4886.94
242.32        250.47
228.12        235.58
191.91        199.01
175.03        181.84
226.22        233.2
302.56        311.21
342.96        352.7
356.32        366.02
298.55        308.43
390.75        401.74
413.32        424.62
473.9        486.65
509.96        522.99
510.27        524.2
583.46        597.6
622.69        638.03
701.71        717.96
747.53        764.69
616.19        631.92
823.83        842.76
773.54        792.18
890.05        910.72
878.91        899.05
977.89        1000.91
982.48        1005
1100.8        1126.32
1047.62        1073.24
1079.75        1104.47
1283.91        1312.81
1310.09        1339.79
1251.03        1280.08
1401.83        1433.1
1416.78        1448.95
1405.35        1436.58
1488.87        1522.44
1461.52        1493.95
1629.75        1665.52
1553.94        1588.97
1727.77        1765.41
1645.31        1681.76
1779.22        1817.84
1960.08        2001.65
2014.05        2056.78
1921.36        1963.52
2062.15        2106.39
2048.42        2092.48
2201.64        2248.86
2185.99        2232.6
2161.66        2207.96
2236.22        2283.85
2295.06        2345.44
2369.29        2420.78
2380.97        2432.91
2426.14        2478.52
2551.47        2606.55
2636.68        2692.93
2502.86        2557.02
2594.16        2650.56
2712.61        2771.64
2790.7        2850.04
2824.92        2885.37
2833.45        2893.78
2840.13        2901.02
2927.96        2990.75
2973.63        3037.45
2991.53        3055.41
3060.73        3125.57
3036.09        3101.2
3237.01        3305.14
3167.13        3234.37
3203.69        3272.2
3320.38        3390.88
3341.88        3412.59
3392.54        3463.88
3535.77        3609.73
3495.78        3570.28
3603.83        3679.81
3705.12        3783.29
3722.28        3799.98
3716.75        3795.33
3699.84        3778.65
3811.4        3892.5
3855.24        3935.86
3883.63        3964.85
3999.05        4083.4
4015.47        4099.99
4009.22        4093.98
4062.75        4147.45
4341.24        4431.9
4195.28        4284.05
4263.76        4353.78
4311.69        4401.96
4381.82        4473.83
4394.71        4486.84
4406.65        4499.09
4565.64        4660.57
4582.8        4678.16
4673.03        4770.63
4688.51        4786.86
4640.65        4738.16
169.38        176.77
175.62        182.86
183.38        191.02
182.33        189.91
239.42        248.12
271.24        280.65
327.26        336.64
250.94        259.69
312.78        322.91
311.06        322.07
371.52        382.82
294.52        304.12
428.26        440.53
548.5        563.12
541.42        556.16
473.69        488.09
633.76        650.45
636.66        653.03
638.38        655.5
790.59        810.01
823.1        843.83
811.65        832.29
851.05        872.32
950.09        973.31
883.24        905.56
1056.69        1081.62
937.19        961.47
1188.32        1217.06
1208.55        1237.41
1247.42        1275.85
1215.11        1243.13
1211.84        1240.57
1434.07        1465.82
1347.11        1377.1
1495.5        1531.03
1540.52        1574.46
1490.81        1525.3
1667.03        1704.72
1722.27        1761.09
1655.39        1692.27
1675.38        1713.67
1788.27        1828.23
1852.4        1894.12
1909.24        1951.99
2005.53        2049.67
2021.06        2065.2
2025.09        2070.27
2177.14        2224
2156.04        2203.39
2001.26        2046.55
2342        2392.64
2334.78        2385.96
2366.49        2418.37
2397.79        2450.17
2479.79        2534.1
2506.56        2560.35
2560.08        2615.69
2649.94        2707.09
2575.12        2630.71
2821.27        2881.56
2775.44        2835.08
2740.24        2800.6
2824.64        2886.97
2901.52        2964.37
2999.33        3063.85
3083.54        3148.09
3084.16        3149.96
3205.47        3273.02
3009.43        3075.41
3249.45        3319.37
3237.56        3306.88
3307.45        3377.92
3342.69        3414.11
3472.61        3546.11
3507.3        3581.82
3491.69        3566.05
3513.86        3588.33
3605.72        3681.57
3538.41        3615.12
3679.75        3758.36
3615.7        3693.92
3817.68        3898.5
3847.47        3928.8
3843.08        3925.46
3940.64        4024.31
4020.1        4105.18
3985.23        4070.07
4033.03        4118.1
4125.37        4212.16
4224.08        4313.24
4302.52        4392.57
4312.37        4402.92
4339.59        4431.6
4466.68        4559.99
4472.49        4567.52
4603.75        4700.35
4528.72        4624.59
4470.01        4565.41
4673.37        4771.37
4662.69        4761.16
85.42        92.62
125.51        133.05
124.4        132
150.59        158.41
177.59        186.33
189.04        198.21
220.83        229.85
255.32        265.83
199.25        208.52
234.06        244.79
346.6        358.31
355.72        367.29
329.69        341.91
412.26        425.25
438.08        453.02
537        552.97
568.37        584.46
635.58        653.12
558.26        574.43
711.02        730.92
823.08        844.5
820        841.14
855.8        877.49
879.99        902.58
798.44        820.56
1022.24        1047.83
1022.95        1049.32
1162.12        1190.54
1125.05        1152.12
1126.31        1154.35
1317.38        1348.28
1262.06        1292.67
1438.49        1471.39
1406.18        1440.21
1460.02        1493.92
1507.58        1542.84
1548        1585.01
1665.62        1703.56
1623.13        1659.8
1608.63        1645.81
1725.42        1764.74
1704.61        1743.71
1790.04        1831.22
1835.49        1877.72
1998.17        2043.37
2040.84        2085.94
2101        2148.12
2072.72        2119.74
2089.38        2136.89
2179.1        2228.1
2150.78        2200.83
2369.61        2421.74
2279.11        2329.92
2363.19        2416.13
2372.47        2425.73
2434.53        2488.27
2553.56        2610.24
2585.76        2642.13
2492.3        2548.61
2548.68        2605.28
2796.41        2857.72
2733.68        2794.13
2800.75        2862.4
2907.97        2972.03
2882.3        2945.21
2969.87        3034.5
2931.4        2995.9
3048.1        3114.41
3126.87        3194.74
3112.45        3180.82
3211.77        3281.6
3193.91        3263.22
3307.11        3379.16
3324.65        3396.71
3257.93        3328.82
3532.38        3608.24
3512.96        3588.59
3462.49        3536.77
3609.39        3686.85
3646.19        3724.57
3707.25        3786.35
3619.51        3698.14
3694.92        3774.41
3878.11        3961.23
3816.46        3898.93
3923.11        4006.86
3963.16        4047.86
4071.87        4159.2
4012.14        4098.71
4155.7        4243.37
4187.9        4276.74
4310.31        4402.69
4339.3        4430.9
4366.87        4460.36
4318.37        4410.72
4399.29        4493.66
4592.27        4688.93
4558.4        4655.03
4540.06        4636.31
4695.02        4794.27
69.75        76.99
36.95        43.6
28.21        34.36
62.22        69.35
141.23        149.8
119.61        128.01
118.16        126.68
219.93        230.39
276.87        287.82
262.31        273.82
271.66        283.18
220.41        231.02
356.83        370.09
377.09        390.57
392.27        405.55
472.15        488.33
411.56        426.25
468.63        484.67
671.84        691.34
670.77        689.83
593.22        611.57
762.96        783.83
759.12        780.92
784.62        806.75
871.63        895.33
816.97        840.36
1117.74        1145.41
1055.08        1082.2
1100.21        1128.44
1107.75        1136.96
1213.43        1243.65
1170.65        1200.12
1148.29        1178.98
1331.78        1364.59
1313.19        1345.06
1439.56        1474.27
1398.68        1433.02
1471.37        1507.72
1531.82        1568.72
1573.8        1611.72
1668.82        1708.4
1717.31        1757.95
1769.41        1811.12
1843.04        1886.15
1871.7        1915.03
1884.44        1928.11
1955.88        2001.04
2030.26        2078.13
2090.14        2138.15
2069.45        2116.98
2193.92        2244.35
2320.25        2372.04
2211.41        2262.59
2398.63        2453.34
2305.54        2357.97
2308.65        2361.31
2432.29        2487.56
2467.26        2522.69
2500.96        2558.36
2628.07        2687.01
2704.11        2764.94
2722.55        2782.71
2768.99        2830.85
2813.09        2874.79
2766.94        2829.94
2889.71        2955
2886.03        2951.19
3019.83        3086.85
3051.12        3118.91
3027.92        3095.06
3181.44        3250.48
3216.99        3287.52
3136.74        3206.78
3245.77        3317.9
3373.23        3447.26
3438.41        3512.82
3441.73        3517.72
3448.88        3525.53
3528.12        3606.2
3534.68        3612.62
3643.96        3723.79
3799.53        3880.98
3707.76        3789.22
3806.4        3888.71
3902.17        3986.98
3962.12        4047.32
3884.2        3969.02
4016.02        4102.83
4001.68        4089.01
4085.58        4173.69
4193.93        4284.69
4256.63        4349.05
4199.07        4289.98
4249.18        4340.3
4422.21        4517.02
4345.98        4439.59
4405.04        4500.31
4449.39        4544.93
4532.47        4630.13
4523.17        4621.57
31.82        39.63
0.25        6.99
23.2        30.71
35.16        42.86
87.37        96.37
81.28        89.71
86.15        95
37.99        46.04
170.55        180.29
128.89        139.16
204.57        215.27
227.36        239.16
284.17        296.3
334.35        348.4
321.06        334.7
332.21        346.44
444.45        459.75
486.71        502.38
477.62        495.2
510.69        527.7
569.67        588.51
593.96        613.2
766.1        788.57
783.04        806.11
817.02        840.73
966.74        993.72
916.31        941.71
974.69        1001.43
921.1        947.46
1049.78        1077.56
1105.09        1134.01
1173.05        1203.52
1247.59        1278.83
1208.07        1239.33
1427.47        1461.81
1372.53        1407.7
1394.77        1429.86
1510.88        1548.65
1505.37        1542.89
1549.64        1588.25
1729.85        1770.3
1702.52        1743.75
1751.33        1793.78
1770.37        1811.82
1837.1        1880.33
1778.85        1821.59
1936.35        1982.7
1996.2        2043.81
1984.34        2031.61
1979.41        2027.02
2108.35        2157.69
2305.35        2358.26
2171.81        2223.32
2208.87        2260.68
2284.51        2336.55
2332.52        2386.25
2375.03        2429.84
2407.98        2463.92
2542.96        2601.44
2557.73        2616.87
2572.81        2632.33
2667.63        2727.68
2745.98        2808.27
2892        2955.98
2896.72        2962.2
2907        2973.11
2873.9        2939.43
2897.23        2963.09
3082.66        3151.15
3033.45        3102.1
3074.15        3143.31
3234.65        3305.67
3187.23        3258.77
3221.3        3293.09
3338.67        3413.22
3324        3397.86
3399.14        3474.9
3586.43        3665.64
3494.76        3571.76
3684.7        3765.26
3538.49        3617.71
3727.01        3809.12
3627.05        3707.56
3746.71        3830.32
3805.26        3889.37
3840.57        3925.04
3940.22        4027.22
3974.89        4060.8
3948.08        4034.89
4013.83        4101.68
4130.19        4220.23
4137.3        4228.27
4091.61        4182.73
4291.08        4384.81
4305.36        4398.73
4401.66        4497.8
4278.97        4373.24
4466.52        4564.29
4504.66        4602.31
4590.9        4690.48
32.69        40.51
-1.82        5.86
-11.98        -4.48
-69.1        -62.25
-1.54        6.88
-20.91        -13.13
103.29        113.2
41.66        50.55
133.77        144.26
16.13        24.99
128.44        139.17
218.31        230.59
263.34        276.86
272.6        286
220.8        233.37
351.68        366.75
397.16        414.04
533.82        551.61
480.73        498.06
444.33        462.62
459.85        478.08
664.32        685.04
666.92        689.43
653.51        674.29
745.85        767.97
860.7        885.59
896.18        922.67
934.02        960.62
995.28        1024.02
1048.99        1078.04
1068.99        1098.5
1113.16        1143.52
1121.5        1151.64
1280.17        1313.18
1200.99        1234.5
1320.61        1355.06
1340.18        1375.86
1301.24        1335.71
1506.02        1543.27
1534.42        1572.52
1670.02        1710.85
1553.71        1593.84
1659.14        1701.11
1689.32        1731.9
1691.97        1734.73
1851.18        1896.46
1879.14        1924.58
1908.43        1955.27
1974.02        2021.49
2016.49        2065.43
1921.46        1968.81
2108.65        2158.71
2191.92        2244.31
2260.09        2313.29
2201.06        2253.62
2239.34        2293.25
2270.49        2324.4
2368.5        2423.64
2433.25        2489.72
2595.57        2655.9
2537.92        2597.4
2615.28        2675.83
2646.94        2708.45
2714.04        2776.91
2683.8        2746.34
2847.24        2912.59
2921.67        2988.41
2890.51        2956.99
2895.55        2962.2
2942.11        3009.98
3162.16        3233.7
2962.53        3031.63
3245.21        3318.18
3163.41        3235.43
3203.75        3276.08
3287.46        3361.81
3400.94        3476.98
3412.31        3490.04
3465.53        3542.92
3535.88        3614.91
3485.69        3563.73
3596.64        3677.5
3577.48        3659.04
3720.26        3803.61
3759.11        3842.93
3766.79        3851.05
3875.39        3961.66
3806.61        3891.59
3878.82        3965.78
4033.97        4123.53
4005.27        4094.57
4145.57        4236.56
4151.24        4242.42
4228.55        4321.65
4292.65        4387.05
4299.71        4393.99
4245.89        4340.26
4455.91        4553.94
4386.12        4482.58
4548.67        4647.85
-58.88        -51.5
-102.89        -96.16
-103.32        -95.71
-66.29        -58.07
-92.5        -85.69
-3.55        5.46
22.09        31.06
-0.61        8.07
100.04        110.63
87.8        99.12
100.28        111.69
120.66        131.64
175.28        187.45
358.03        373.44
203.19        215.86
344.02        359.13
347.03        363.22
397.16        414.31
353.38        370.03
508.39        527.96
574.57        594.43
432.19        450.33
692.81        715.14
697.44        720.45
720.12        742.9
687.64        711.53
880.03        905.86
920.08        948.36
949.79        978.16
881.46        908.42
1037.89        1067.15
1066.21        1096.88
1087.48        1118.85
1049.91        1080.05
1229.79        1263.3
1223.09        1257.7
1206.53        1240.85
1301.9        1337.73
1551.45        1590.3
1420.51        1458.37
1496.61        1536.21
1525.2        1564.66
1630.33        1673.13
1551.99        1593.52
1630.41        1673.06
1774.07        1818.62
1750.65        1795.63
1892.55        1939.37
1925.42        1973.52
1966.76        2015.57
1968.19        2016.84
1981.94        2031.24
2136.27        2187.88
2189.46        2242.36
2248.72        2302.41
2200.94        2254.4
2273.98        2329.19
2461.95        2519.76
2351.89        2408.29
2526.03        2585.56
2528.58        2587.87
2498.51        2558.38
2693.25        2756.71
2708.4        2772.08
2690.42        2754.36
2797.99        2862.89
2700.77        2765.31
2895.75        2962.42
2860.22        2926.83
2802.96        2868.76
3094.81        3165.64
2991.81        3062.12
3102.09        3172.92
3075.24        3146.48
3105.47        3177.59
3361.14        3437.08
3346.72        3422.8
3352.34        3429.22
3514.53        3592.93
3392.67        3470.04
3516.95        3596.63
3527.04        3606.95
3618.14        3700.61
3593.97        3676.71
3618.29        3700.71
3767.52        3851.98
3712.46        3796.84
3819.3        3905.66
3829.82        3916.15
3852.7        3940.32
4047.99        4138.07
4035.78        4125.87
3993.87        4083
4229.73        4322.77
4153.09        4246.41
4347.75        4443.69
4388.38        4485.38
4310.82        4406.27
4357.82        4455.33
4545.95        4646.07
