359.53        366.77
333.74        341.27
353.65        360.91
417.63        425.9
421.01        429.24
389.36        397.77
433.59        442.58
509.49        519.64
495.08        504.31
536.96        547.33
514.32        524.51
585.1        597.31
579.78        591.75
646.28        659.79
726.19        740.6
701.95        716.14
792.63        808.62
1081.87        1098.87
917.83        936.05
969.78        989.04
979.21        999.02
1004.89        1025.02
1202.52        1225.69
1137.03        1160.01
1164.33        1187.43
1184.2        1208.22
1275.14        1300.16
1434.82        1463.72
1418.81        1446.65
1414.48        1443.4
1438.71        1468.01
1567.06        1599.43
1587.3        1619.11
1687.43        1720.68
1709.9        1744.32
1776.51        1812.15
1622.95        1656.79
1739.3        1775.12
1822.04        1859.35
1938.91        1976.88
1909.16        1947.59
2020.16        2060.44
2100.38        2142.88
2068.84        2111.08
2244.65        2288.86
2195.53        2240.25
2329.14        2375.9
2256.89        2302.36
2300.64        2347.76
2425.17        2473.69
2476.85        2526.31
2483.57        2533.44
2576.34        2628.38
2503.98        2555.78
2663.08        2716.58
2686.42        2740.83
2780.83        2837.73
2692.85        2748.35
2839.19        2896.32
2934.43        2993.99
2807.64        2864.62
3036.76        3097.24
2907.16        2967.02
3150.75        3214.73
3197.98        3262.73
3066.93        3129.6
3368.71        3435.95
3194.37        3259.73
3451.94        3521.37
3339.83        3407.52
3461.41        3532.18
3510.82        3582.38
3627.74        3700.35
3586.69        3658.44
3642.3        3716.44
3744.34        3818.98
3762.47        3838.89
3797.49        3873.89
3817.33        3894.73
3963.19        4042.11
3974.52        4055.22
4007.33        4088.91
3953.86        4034.5
4123.14        4205.94
4165.72        4249.27
4149.34        4232.5
4248.5        4334.25
4236.78        4322.7
4254.59        4340.42
4277.56        4364.08
4415.5        4504.71
4395.01        4484.39
4618.53        4712.42
4614.79        4708.22
4587.84        4680.64
4738        4832.8
4757.92        4854.54
4703.87        4799.88
4866        4964.35
4872.12        4970.46
351.76        358.97
395.61        403.84
368.47        376.76
360.17        367.81
338.02        344.94
516.76        526.82
419.4        427.8
446.13        454.95
457.69        468.3
540.76        552.13
553.46        564.59
557.6        569.37
603.25        615.66
712.91        727.12
787.36        802.35
800.19        815.55
779.85        795.13
871.56        888.23
911.41        929.47
972.47        992.61
989.7        1010.97
889.96        908.22
1072.16        1093.44
1097.64        1119.89
1218.21        1242.64
1236.59        1261.9
1253.75        1278.79
1289.32        1314.58
1542.5        1573.25
1289.63        1316.28
1406.54        1435.12
1611.79        1644.45
1537.32        1569.17
1680.9        1714.04
1651.99        1684.96
1682.92        1717.35
1776.73        1812.92
1754.25        1790.71
1825.15        1862.32
1868.91        1907.18
1961.57        2000.97
1965.57        2006.49
2097.66        2139.44
2165.57        2209.2
2108.71        2152.3
2191.31        2234.77
2222.79        2267.09
2236.47        2282.89
2313.1        2360.02
2271.94        2319.67
2420.77        2470.85
2525.9        2577.38
2492.25        2543.47
2601.71        2654.62
2628.17        2681.73
2691.43        2746.47
2925.32        2980.86
2753.95        2810.42
2768.42        2826.52
2968.99        3028.88
3051.9        3112.99
2960.7        3021.02
3041.18        3102.99
3009.63        3071.28
3105.12        3168.51
3222.2        3287.55
3239.35        3305.88
3391.62        3458.31
3279.02        3346.6
3431.31        3500.71
3379.57        3449.47
3476.86        3546.59
3476.5        3547.47
3659        3732.55
3532.46        3605.28
3574.46        3647.85
3572.8        3646.93
3727.07        3802.68
3921.31        3999.87
3952.19        4031.03
3814.7        3892.54
3920.29        4000.82
4032.3        4114.76
4039.56        4122.2
3973.34        4054.97
4224.14        4309.74
4267.64        4355.27
4275.14        4362.21
4299.36        4386.48
4406.29        4493.62
4348.71        4437.74
4489.26        4580.35
4509.41        4601.11
4577.79        4670.99
4702.32        4797.5
4561.61        4654.53
4586.19        4680.32
4743.69        4840.56
4868.93        4967.11
4750.32        4848.18
297.32        304.66
251.58        258.6
330.99        338.59
380.98        389.48
368.87        376.9
378.43        386.98
361.95        370.35
439.95        450.14
384.43        393.19
519.11        530.42
489.32        500.97
615.8        628.94
644.71        659.07
578.82        591.21
651.2        665.35
669.95        683.61
705.37        721.47
794.87        812.09
778.41        794.83
845.69        865.15
1002.72        1024.39
1032.27        1053.5
929.95        949.96
1126        1147.95
1208.64        1233.77
1042.5        1066.16
1219.21        1245.05
1296.16        1323.43
1187.69        1213.71
1364.1        1391.71
1341.79        1371.79
1441.92        1470.58
1535.36        1566.49
1506.33        1537.87
1722.03        1757.62
1571.29        1606.12
1727.28        1761.18
1698.95        1734.44
1763.59        1801.18
1917.92        1956.99
1944.19        1984.96
1851.58        1891.34
1917.68        1958.66
2130.01        2174.32
2153.41        2197.85
2134.71        2178
2258.27        2304.53
2218.12        2263.69
2372.38        2420.92
2301.76        2350.22
2448.73        2497.74
2411.08        2461.87
2497.81        2549.65
2633.86        2686.81
2587.31        2641.48
2624.28        2680.19
2631.97        2687.15
2576.47        2630.48
2716.25        2773.16
2975.84        3034.68
2958.06        3017.97
2911.16        2972.17
2954.51        3016.47
3152.31        3216.52
3000.79        3064.02
3139.41        3203.66
3095.43        3160.03
3330.5        3397.13
3222.3        3289.31
3421.08        3489.29
3285.38        3354.82
3388.76        3458.32
3413.69        3485.92
3635.55        3708.68
3569.47        3643.55
3567.49        3641.18
3567.86        3642.11
3841.54        3919.01
3768.84        3846.48
3789.01        3868.12
3874.98        3955.07
3961.48        4041.77
3992.86        4075.8
4013.13        4096.48
4095.87        4180.22
4022.68        4106.46
4202.96        4289.39
4237.96        4324.82
4316.56        4404.67
4245.05        4333.19
4385.88        4473.92
4487.78        4579.39
4374.59        4465.79
4658.82        4753.13
4704.38        4798.93
4471.9        4563.62
4683.35        4776.65
4744.83        4841.61
4807.95        4906.8
4740.79        4838.65
281.24        289.39
235.53        242.99
258.04        265.14
240.58        247.39
275.01        281.99
306.49        315.14
379.35        389.09
415.16        424.86
361.9        371.78
424.64        435.63
463.53        474.83
535.69        548.44
558.63        571.66
555.4        569.33
636.07        650.21
650        665.34
690.78        707.03
723.95        741.11
630.21        645.94
840.59        859.52
804.4        823.04
873.44        894.11
982.53        1002.67
1034.51        1057.53
1002.35        1024.87
1158.97        1184.49
1097.9        1123.52
1195.8        1220.52
1338.2        1367.1
1324.42        1354.12
1313.74        1342.79
1440.8        1472.07
1559.33        1591.5
1393.76        1424.99
1515.35        1548.92
1518.09        1550.52
1661.19        1696.96
1642.25        1677.28
1717.79        1755.43
1739.86        1776.31
1745.16        1783.78
1975.53        2017.1
2002.74        2045.47
2027.65        2069.81
2084.45        2128.69
2057.44        2101.5
2236.49        2283.71
2165.87        2212.48
2143.46        2189.76
2309.04        2356.67
2457.36        2507.74
2564.59        2616.08
2466.03        2517.97
2417        2469.38
2621.09        2676.17
2781.79        2838.04
2528.94        2583.1
2624.26        2680.66
2801.21        2860.24
2795.51        2854.85
2956.5        3016.95
2932.73        2993.06
3007.07        3067.96
2976.38        3039.17
3049.73        3113.55
3092.9        3156.78
3029.81        3094.65
3076.12        3141.23
3360.31        3428.44
3202.46        3269.7
3253.61        3322.12
3422.35        3492.85
3378.8        3449.51
3535.93        3607.27
3531.5        3605.46
3542.53        3617.03
3719.62        3795.6
3784.6        3862.77
3694.56        3772.26
3798.81        3877.39
3771.24        3850.05
3990.34        4071.44
3925.88        4006.5
3927.01        4008.23
4169.59        4253.94
4057.6        4142.12
3984.58        4069.34
4182.09        4266.79
4340.07        4430.73
4271.26        4360.03
4388.54        4478.56
4328.63        4418.9
4493.47        4585.48
4460.51        4552.64
4442.08        4534.52
4615.99        4710.92
4587.24        4682.6
4751.35        4848.95
4631.87        4730.22
4764.67        4862.18
204.46        211.85
251.76        259
194.9        202.54
254.76        262.34
300.09        308.79
302.55        311.96
317.37        326.75
285.61        294.36
398.28        408.41
367.87        378.88
420.07        431.37
329.88        339.48
476.4        488.67
562.9        577.52
544.86        559.6
596.82        611.22
628.73        645.42
594.42        610.79
666.33        683.45
931.11        950.53
934.56        955.29
941.82        962.46
895        916.27
1021.29        1044.51
933.33        955.65
1109.81        1134.74
1039.04        1063.32
1313.81        1342.55
1227.38        1256.24
1320.05        1348.48
1266.35        1294.37
1249.8        1278.53
1372.41        1404.16
1288.21        1318.2
1619.79        1655.32
1468.14        1502.08
1573.8        1608.29
1718.35        1756.04
1767.02        1805.84
1641.43        1678.31
1834.17        1872.46
1831.68        1871.64
1864.55        1906.27
2064.61        2107.36
2164.77        2208.91
2024.47        2068.61
2105.17        2150.35
2220.73        2267.59
2168.05        2215.4
2133.43        2178.72
2383.3        2433.94
2338.4        2389.58
2553.52        2605.4
2446.46        2498.84
2499.27        2553.58
2428.47        2482.26
2620.02        2675.63
2681.48        2738.63
2556.1        2611.69
2832.08        2892.37
2754.17        2813.81
2934.99        2995.35
2871.53        2933.86
2916.79        2979.64
3057.11        3121.63
2947.49        3012.04
3077.81        3143.61
3185.53        3253.08
3105.55        3171.53
3341.47        3411.39
3226.92        3296.24
3329.22        3399.69
3366.36        3437.78
3429.74        3503.24
3511.52        3586.04
3564.97        3639.33
3491.32        3565.79
3566.37        3642.22
3612.7        3689.41
3838.99        3917.6
3755.36        3833.58
3932.11        4012.93
3907.64        3988.97
3899.4        3981.78
3958.4        4042.07
4064.27        4149.35
4027.91        4112.75
4101.63        4186.7
4129.37        4216.16
4231.5        4320.66
4240.9        4330.95
4421.85        4512.4
4347.91        4439.92
4514.41        4607.72
4615.15        4710.18
4753.01        4849.61
4677.01        4772.88
4539.84        4635.24
4697.27        4795.27
4746.51        4844.98
107.37        114.57
153.77        161.31
204.11        211.71
207.47        215.29
271.33        280.07
233.3        242.47
272.2        281.22
372.35        382.86
286.62        295.89
296.54        307.27
374.82        386.53
411.6        423.17
389.97        402.19
394.08        407.07
578.62        593.56
626.94        642.91
574.5        590.59
647.36        664.9
627.07        643.24
813.91        833.81
862.64        884.06
843.54        864.68
892.51        914.2
918.36        940.95
928.27        950.39
1058.73        1084.32
1104.87        1131.24
1222.21        1250.63
1072.68        1099.75
1214.79        1242.83
1346.56        1377.46
1258.49        1289.1
1420.67        1453.57
1473.56        1507.59
1448.39        1482.29
1561.61        1596.87
1671.99        1709
1685.69        1723.63
1598.69        1635.36
1585.8        1622.98
1694.52        1733.84
1739.54        1778.64
1794.64        1835.82
1890.7        1932.93
1960.24        2005.44
2050.56        2095.66
2186.4        2233.52
2062.71        2109.73
2168.82        2216.33
2222.81        2271.81
2225.28        2275.33
2435.57        2487.7
2243.69        2294.5
2470.91        2523.85
2418.86        2472.12
2439.45        2493.19
2584.75        2641.43
2539.67        2596.04
2612.5        2668.81
2664.43        2721.03
2834.87        2896.18
2789.44        2849.89
2837.78        2899.43
2992.68        3056.74
2955.89        3018.8
3103.51        3168.14
2987.69        3052.19
3142.11        3208.42
3202.14        3270.01
3129.28        3197.65
3198.76        3268.59
3254.11        3323.42
3322.39        3394.44
3390.54        3462.6
3429.81        3500.7
3571.63        3647.49
3458.24        3533.87
3485.32        3559.6
3636.99        3714.45
3742.3        3820.68
3710.79        3789.89
3690.35        3768.98
3692.67        3772.16
3861.79        3944.91
3878.26        3960.73
3897.12        3980.87
4102.3        4187
4039.08        4126.41
4055.79        4142.36
4186.96        4274.63
4204.49        4293.33
4395.14        4487.52
4272.99        4364.59
4344.56        4438.05
4359.58        4451.93
4516.79        4611.16
4571.89        4668.55
4533.13        4629.76
4651.96        4748.21
4671.5        4770.75
106.6        113.84
89.03        95.68
77.78        83.93
101.14        108.27
161.52        170.09
202.43        210.83
162.96        171.48
306.82        317.28
316.81        327.76
342.79        354.3
313.88        325.4
266.59        277.2
404.09        417.35
389.39        402.87
397.53        410.81
598.63        614.81
465.28        479.97
576.91        592.95
704.26        723.76
676.21        695.27
686.53        704.88
769.43        790.3
817.39        839.19
807.94        830.07
910.27        933.97
858.98        882.37
1128.19        1155.86
1137.04        1164.16
1102.62        1130.85
1133.21        1162.42
1244.38        1274.6
1252.18        1281.65
1216.75        1247.44
1385.52        1418.33
1344.35        1376.22
1450.39        1485.1
1411.85        1446.19
1583.6        1619.95
1510.53        1547.43
1659.94        1697.86
1698.94        1738.52
1732.68        1773.32
1772.87        1814.58
1911.35        1954.46
1861.79        1905.12
1893.29        1936.96
1928.56        1973.72
2069.04        2116.91
2135.11        2183.12
2067.84        2115.37
2244.48        2294.91
2311.18        2362.97
2222.6        2273.78
2450.8        2505.51
2382.51        2434.94
2361.2        2413.86
2456.96        2512.23
2449.57        2505
2638.16        2695.56
2726.12        2785.06
2814.95        2875.78
2846.31        2906.47
2774.81        2836.67
2831.26        2892.96
2800.9        2863.9
2951.11        3016.4
2972.33        3037.49
3043.79        3110.81
3101.66        3169.45
3079.87        3147.01
3161.94        3230.98
3307.56        3378.09
3174.21        3244.25
3339.55        3411.68
3428.94        3502.97
3439.25        3513.66
3543.65        3619.64
3528.51        3605.16
3572.02        3650.1
3588.53        3666.47
3719.58        3799.41
3697.89        3779.34
3805.22        3886.68
3887.68        3969.99
3938.31        4023.12
4004.47        4089.67
4040.31        4125.13
4043.04        4129.85
4098.94        4186.27
4100.29        4188.4
4254.48        4345.24
4309.07        4401.49
4322.94        4413.85
4221.89        4313.01
4401.7        4496.51
4410.49        4504.1
4593.5        4688.77
4520.93        4616.47
4515.96        4613.62
4598.92        4697.32
77.15        84.96
84.6        91.34
125.47        132.98
108.12        115.82
155.57        164.57
152.6        161.03
108.31        117.16
130.64        138.69
215        224.74
212.53        222.8
266.62        277.32
222.61        234.41
337.47        349.6
400.99        415.04
381.2        394.84
385.46        399.69
427.71        443.01
525.45        541.12
516.87        534.45
556.28        573.29
600.61        619.45
689.97        709.21
813.98        836.45
812.88        835.95
840.3        864.01
1120.16        1147.14
1013.02        1038.42
999.79        1026.53
979.23        1005.59
1062.12        1089.9
1143.61        1172.53
1260.96        1291.43
1255.91        1287.15
1174.89        1206.15
1429.83        1464.17
1418.98        1454.15
1467.47        1502.56
1591.53        1629.3
1589.18        1626.7
1606.61        1645.22
1772.28        1812.73
1713.27        1754.5
1822.59        1865.04
1765.82        1807.27
1818.51        1861.74
1916.69        1959.43
1985.29        2031.64
2095.65        2143.26
2046.19        2093.46
2139.31        2186.92
2113.95        2163.29
2311.74        2364.65
2142.98        2194.49
2257.64        2309.45
2279.85        2331.89
2344.77        2398.5
2375.22        2430.03
2509.94        2565.88
2635.73        2694.21
2680.17        2739.31
2683.24        2742.76
2711.61        2771.66
2786.74        2849.03
2865.3        2929.28
2937.26        3002.74
2931.77        2997.88
2952.29        3017.82
2920.02        2985.88
3062.34        3130.83
3090.88        3159.53
3154.44        3223.6
3239.23        3310.25
3185.67        3257.21
3204.03        3275.82
3423.41        3497.96
3311.64        3385.5
3435.84        3511.6
3625.02        3704.23
3554.87        3631.87
3660.93        3741.49
3604.21        3683.43
3722.54        3804.65
3621.37        3701.88
3723.05        3806.66
3904.47        3988.58
3938.32        4022.79
4139.69        4226.69
3894.17        3980.08
4033.34        4120.15
4050.17        4138.02
4159        4249.04
4113.65        4204.62
4259.82        4350.94
4311.34        4405.07
4375.87        4469.24
4429        4525.14
4332        4426.27
4463.72        4561.49
4614.51        4712.16
4578.68        4678.26
105.67        113.49
54.45        62.13
16.9        24.4
18.8        25.65
76.99        85.41
63.17        70.95
162.32        172.23
81.47        90.36
166.67        177.16
78.23        87.09
216.96        227.69
261.15        273.43
317.54        331.06
353.79        367.19
270.74        283.31
391.47        406.54
451.02        467.9
535.78        553.57
469.92        487.25
530.43        548.72
493.74        511.97
730.72        751.44
699.18        721.69
686.16        706.94
782.97        805.09
909.87        934.76
879.85        906.34
918.19        944.79
1056.79        1085.53
1060.24        1089.29
1111.52        1141.03
1206.31        1236.67
1130.88        1161.02
1249.82        1282.83
1320.66        1354.17
1391.97        1426.42
1409.86        1445.54
1297.89        1332.36
1503.82        1541.07
1566.86        1604.96
1734.95        1775.78
1620.91        1661.04
1807.36        1849.33
1748.22        1790.8
1741.06        1783.82
1904.23        1949.51
1929.3        1974.74
1973.28        2020.12
1978.03        2025.5
2068.75        2117.69
1985.65        2033
2201.59        2251.65
2241.39        2293.78
2244.71        2297.91
2266.86        2319.42
2352.1        2406.01
2318.47        2372.38
2404.93        2460.07
2494.94        2551.41
2608.15        2668.48
2697.29        2756.77
2680.24        2740.79
2812.67        2874.18
2790.86        2853.73
2716.55        2779.09
2924.5        2989.85
2916.34        2983.08
2970.44        3036.92
2963.24        3029.89
3063.92        3131.79
3191.57        3263.11
3205.81        3274.91
3246.82        3319.79
3204.32        3276.34
3337.65        3409.98
3324.7        3399.05
3407.13        3483.17
3461.23        3538.96
3539.56        3616.95
3548.05        3627.08
3453.56        3531.6
3669.74        3750.6
3680.36        3761.92
3793.88        3877.23
3776.78        3860.6
3784.57        3868.83
3956.58        4042.85
3791.47        3876.45
3995.34        4082.3
4090.76        4180.32
4139.55        4228.85
4170.34        4261.33
4142.52        4233.7
4425.24        4518.34
4301.27        4395.67
4440.77        4535.05
4364.5        4458.87
4470.18        4568.21
4447.8        4544.26
4501.4        4600.58
19.71        27.09
7.39        14.12
18.27        25.88
33.1        41.32
10.96        17.77
80.9        89.91
51.89        60.86
68.85        77.53
139.28        149.87
129.96        141.28
113.07        124.48
171.32        182.3
211.47        223.64
382.06        397.47
264.4        277.07
451.53        466.64
393.01        409.2
441.97        459.12
434.01        450.66
566.66        586.23
634.13        653.99
483.48        501.62
749.25        771.58
706.58        729.59
727.39        750.17
734.92        758.81
875        900.83
986.41        1014.69
1025.54        1053.91
935.47        962.43
1056.22        1085.48
1104.75        1135.42
1092.64        1124.01
1085.17        1115.31
1255.81        1289.32
1417.51        1452.12
1244.21        1278.53
1368.89        1404.72
1539.6        1578.45
1469.2        1507.06
1560.48        1600.08
1612.9        1652.36
1826.98        1869.78
1730.37        1771.9
1719.91        1762.56
1777.47        1822.02
1825.85        1870.83
1931.62        1978.44
1984.69        2032.79
1998.88        2047.69
2024.54        2073.19
2035.11        2084.41
2184.45        2236.06
2230.11        2283.01
2311.59        2365.28
2193.21        2246.67
2383.45        2438.66
2485.67        2543.48
2346.25        2402.65
2546.73        2606.26
2578.54        2637.83
2534.04        2593.91
2773.35        2836.81
2736.16        2799.84
2723.78        2787.72
2777.51        2842.41
2749.77        2814.31
3041.05        3107.72
2881        2947.61
2811.5        2877.3
3019.45        3090.28
3193.52        3263.83
3143.41        3214.24
3106.27        3177.51
3131.05        3203.17
3402.35        3478.29
3356.43        3432.51
3416.51        3493.39
3534.78        3613.18
3634.1        3711.47
3567.58        3647.26
3656.79        3736.7
3629.29        3711.76
3609.54        3692.28
3730.85        3813.27
3801.08        3885.54
3758.45        3842.83
3983.98        4070.34
3859.17        3945.5
3974.55        4062.17
4058.94        4149.02
4104.5        4194.59
3963.35        4052.48
4155.74        4248.78
4147.52        4240.84
4355.11        4451.05
4422.87        4519.87
4441.99        4537.44
4337.04        4434.55
4535.82        4635.94
