90.13        384.25
90.61        399.24
88.05        362.42
94.45        464.47
95.27        466.24
93.69        444.62
93.56        518.32
91.55        571.32
94.79        520.72
93.57        583.21
94.04        570.42
93.17        697.35
93.12        710.89
96.08        874.23
96.37        879.52
96.81        870.91
98.3        1049.59
97.29        1132.48
95.41        1260.57
97.91        1393.81
97.33        1411.09
98.54        1486.61
98.58        1688.15
99        1695.88
98.72        1753.18
98.58        1826.83
99        1914.78
99        2355.21
98.44        2235.73
98.97        2331.1
98.7        2362.59
99        2568.3
99        2581.85
99        2754.3
99        2855.38
99        2995.77
99        2706.38
99        2949.73
99        3115.19
99        3179.48
99        3239.9
99        3410.45
99        3730.08
99        3603.45
98.55        3779.71
99        3949.7
99        4092.31
99        4002.68
99        4092.23
99        4296.07
99        4370.25
99        4424.74
99        4629.79
99        4560.28
99        4805.53
99        4873.23
99        5113.92
99        4951.38
99        5129.17
99        5408.13
99        5133.46
99        5502.76
99        5353.81
99        5837.98
99        5866.24
99        5762.34
99        6142.14
99        6029.21
99        6390.63
99        6161.28
99        6528.04
99        6593.89
99        6729.04
99        6582.41
99        6856.29
99        6932.66
99        7078.23
99        7028.86
99        7130.37
99        7325.07
99        7570.45
99        7587.34
99        7507.18
99        7736.89
99        7701.16
99        7714.81
99        8079.64
99        7924.63
99        8073.99
99        8140.54
99        8246.87
99        8345.56
99        8810.69
99        8749.47
99        8726.95
99        8906.62
99        9131.38
99        9027.2
99        9258.67
99        9272.07
91.83        344.18
94.3        412.77
93.35        424.61
90.09        370.38
88.43        323.35
92.98        527.28
91.22        430.24
92.77        438.49
92        520.21
95.16        612.91
95.94        617.47
93.31        651.64
91.35        645.66
95.61        874.04
98.74        905.33
96.6        920.21
96.22        937.14
96.78        1058.41
97.98        1241.19
97.93        1338.18
98.85        1472.45
99        1287.27
98.55        1544.63
96.97        1522.46
99        1775.74
98.69        1957.93
99        1821.51
98.02        1845.05
99        2443.33
98.21        2067.01
99        2271.08
99        2537.96
99        2494.59
99        2619.76
99        2707.72
99        2822.89
99        2979.71
99        2984.79
99        3060.7
99        3256.77
99        3306.56
99        3470.14
99        3543.29
99        3672.63
99        3732.1
99        3680.08
99        3812.64
99        4088.82
99        4105.38
99        4173.34
99        4328.49
99        4523.97
99        4574.47
99        4716.37
99        4736.54
99        4870.74
99        4890.72
99        5013.51
99        5168.01
99        5367.51
99        5484.62
99        5397.29
99        5590.54
99        5558.29
99        5659.61
99        5885.64
99        6002.16
99        6038.77
99        6083.05
99        6307.91
99        6333.49
99        6344.87
99        6508.19
99        6741.45
99        6651.75
99        6748.13
99        6786.79
99        6969.51
99        7261.4
99        7301.08
99        7201.77
99        7442.13
99        7636.53
99        7673.54
99        7596.66
99        7895.74
99        8165.95
99        8068.88
99        8035.69
99        8134.69
99        8301.11
99        8532.19
99        8585.06
99        8636.72
99        8919.09
99        8673.29
99        8813.72
99        9097.96
99        9167.25
99        9114.72
98.69        308.54
99.61        313.21
99.48        340.44
98.58        375.25
99.67        324.32
99.44        408.04
98.43        360.3
99.47        527.53
99.5        389.47
99.38        577.6
100.17        639.09
98.98        739.41
99.79        827.74
99.75        663.96
99.56        826.73
99.22        816.42
99.83        996.76
99.8        1038.8
99.8        1066.03
99.24        1279.49
99.83        1527.47
100.02        1451.56
98.74        1302.95
99.71        1517.36
99        1833.31
99.93        1675.72
99.95        1949.52
100.82        2091.34
100.76        1996.11
98.95        2056.74
99.97        2275.77
100.36        2132.41
100.93        2384.47
99.32        2503.18
100.02        2913.24
100.54        2779.52
99        2666.03
99        2851.41
100.62        3068.43
100.94        3316.34
99.98        3355.07
100.38        3249.04
99.93        3360.97
99.77        3792.25
100.55        3782.14
100.11        3594.02
99.98        3938.94
99        3858.94
99.91        4185.79
99.71        4111.01
99        4291
99.74        4379.15
99.18        4468.91
100.78        4639.5
99.9        4672.24
99.96        4889.35
100.77        4769.9
100.92        4728
99.98        4964.92
99.84        5215.54
100.32        5339.01
99.77        5474.03
99        5521.15
99.94        5734.84
99.83        5663.58
100.41        5746.17
99.83        5791.19
99.95        6024.51
99.8        5991.56
100.81        6092.4
100.77        6218.48
100.98        6240.41
100.77        6544.55
99.88        6618.8
99.83        6788.37
100.61        6670.33
99.83        6684.52
100.36        7153.56
99.98        7137.81
99.96        7215.56
100.62        7309.89
100.05        7382.02
100.38        7673.67
99        7678.22
100.09        7768.27
99.8        7695.52
100.54        7936.64
99.84        8035.53
99.95        8056.72
100.39        8154.51
99        8109.3
100.8        8439.97
99.97        8377.93
99.93        8824.54
99.79        8755.16
99        8444.76
99.6        8713.84
99.94        9050.53
100.39        9202.76
99.99        9100.44
147.1        411.47
148.14        332.44
147        341.78
147.19        322.02
147.21        291.66
148.42        408.37
147.08        555.15
148.22        492.64
148.04        487.74
147.23        606.15
148.01        575.07
148.2        731.14
148.38        807.2
148.41        884.1
148.49        826.03
148.17        954.92
148.15        1058
147.2        1112.37
148.16        974.96
148.23        1273.96
148.14        1283.45
148.18        1420.59
148.14        1435.25
146.18        1744.7
148.36        1653.83
148.09        1926.38
147.31        1922.19
147.11        1843.4
147.25        2322.7
148.21        2303.27
148.29        2296.34
147.08        2457.02
148.21        2588.59
148.33        2582.23
148.19        2735.36
148.33        2621.9
148.09        2932.99
148.27        2890.05
146.13        3169.88
148.19        2959.36
148.17        3311.28
147.24        3509.71
147.97        3646.84
147.23        3644.97
148.1        3879.05
148.06        3729.16
148.17        4135.56
147.11        4055.06
146.22        3952.76
148.37        4133.79
147.13        4395.33
148.33        4457.99
147.11        4507.2
148.19        4641.71
148.04        4840.02
148.18        4949.63
148.42        4754.02
148.11        4964.42
147.16        5241.27
147.24        5265.25
148        5376.92
148.23        5400.02
148.25        5405.4
148.24        5673.76
148.22        5739.19
148.42        5714.21
148.26        5835.34
148.16        5916.71
148.43        6145.2
146.09        6069.89
148.18        6219.27
148.08        6504.76
148.43        6337.68
148.09        6569.63
147.12        6790.85
146.98        6842.15
148.16        6936.81
146.22        7185.35
148.49        7079.78
147.27        7186.48
148.25        7222.36
148.25        7402.19
148.15        7432.06
148.25        7471.77
148.15        7792.84
148.32        7764.96
148.13        7852.2
147.13        7826.68
147.23        8507.46
148.31        8132.38
148.2        8335.07
148.28        8328.53
148.13        8475.28
148.22        8600.93
146.06        8618.59
148.33        8838.37
148.01        8869.77
148.3        9074.78
148.28        9067.26
148.21        9151.91
197.42        406.27
195.61        396.02
195.53        400.34
195.71        410.77
197.61        449.65
197.58        541.24
197.86        501.92
196.59        485.96
197.6        578.21
197.41        595.94
197.58        695.71
197.55        536.46
197.33        737.86
197.74        904.46
197.5        942.71
196.7        935.84
196.51        1126.47
196.54        1076.31
197.63        1151.55
197.53        1398.79
197.55        1493.26
195.54        1493.51
197.57        1582.68
197.54        1689.06
197.43        1646.3
196.62        1851.65
197.56        1900.91
197.68        2309.49
195.49        2249.59
197.64        2268.39
197.5        2269.13
196.5        2370.3
196.67        2591.47
197.63        2423.62
196.39        3028.68
196.47        2842.89
196.45        2771.82
197.48        3248.14
197.47        3342.37
197.61        3099.49
197.6        3211.42
197.51        3477.52
197.49        3563.34
197.56        3678.31
197.59        3733.02
197.46        3857.46
197.67        3937.18
197.49        4092.77
197.61        4103.43
196.7        3960.2
197.65        4537.26
197.4        4524.99
197.38        4602.5
196.39        4586.52
196.79        4771.26
197.62        4756.41
197.61        5022.38
197.46        5162.09
197.39        4986.79
197.63        5401.72
197.56        5398.45
197.69        5445.6
197.66        5623.81
197.46        5719.47
197.43        5872.62
197.55        5799.29
196.7        6056.29
197.41        6208.68
197.41        5968.16
196.59        6400.36
196.48        6400.26
197.73        6460.89
196.52        6485.29
197.59        6785.66
197.6        6820
197.47        6857.1
197.42        6871.91
197.58        6987.31
197.68        7122.36
197.57        7325.23
196.39        7272.28
197.66        7493.99
197.73        7532.4
196.56        7580.66
196.74        7744.6
197.61        7956.54
197.48        7891.85
195.58        7871.15
197.61        8070.77
197.61        8376.61
197.43        8439.81
197.6        8443.5
195.69        8575.6
196.56        8764
197.48        8911.66
197.68        9081.07
196.83        8928.56
197.46        8941.5
197.51        9259.65
196.51        9343.26
247.14        401.52
247.2        430.12
246.97        453.17
247.02        449.25
246.96        519.42
246.95        533.83
247.02        541.09
246.95        671.47
247.04        521.8
246.11        598.65
247.12        758.57
246.82        696.96
247.07        759.62
246.99        818.79
247.04        957.48
247.08        1127.83
246.12        1034.61
247        1263.28
246.86        1142.21
246.07        1445.94
247.08        1582.39
247.02        1627.68
247        1621
246.99        1792.43
244.97        1705.55
247.27        1992.69
247.05        2133.33
246.97        2350.3
246.16        2250.34
247.06        2349.04
246.16        2576.46
246.91        2521.82
246.9        2727.65
246.95        2805.45
247.04        2884.81
247.06        3008.95
247.05        3114.96
247.1        3260.86
246.94        3118.61
246.1        3167.66
247.18        3422.3
247.11        3380.86
247.12        3607.02
246.98        3745.55
246.06        3993.45
247.08        3915.32
245.14        4172.74
247        4175.73
246.07        4161.75
245.97        4348.95
245.97        4433.3
246.96        4625.74
245.93        4505.54
247.31        4751.53
247.04        4810.06
246.97        4820.62
247.07        5195.79
245.94        5102.7
245.75        5128.9
246.97        5133.79
246.99        5553.82
245.91        5501.91
245.86        5634.08
246.91        5834.87
246.84        5704.65
246.97        5905.09
246.81        5854.46
246.96        6027.96
245.95        6224.72
247.14        6293.31
246.91        6491.93
246.98        6408.77
247.18        6694.38
246.05        6676.34
245.84        6543.83
246.95        7043.36
247.05        7047.34
246.1        6898.38
246.93        7132.92
247.07        7340.37
247.14        7441.25
247.04        7312.1
246.87        7420.85
247.08        7781.23
246.75        7691.25
246.02        7814.65
247.09        7960.64
246.88        8171.42
246.98        8124.13
245.95        8226.32
247.08        8371.37
247.17        8685.95
247.01        8639.28
246.04        8886.4
246.98        8722.78
247        8861.37
245.84        9091.41
247.15        9155.24
247.22        9124.94
247.16        9410.99
296.38        451.27
296.41        396.81
296.67        420.35
296.47        423.17
295.54        553.81
296.61        494.01
294.5        507.24
296.47        641.96
296.39        718.21
296.45        729.31
295.55        803.76
296.57        688.94
295.65        916.44
296.61        871.26
296.39        918.07
295.62        1101.98
296.43        1003.2
296.42        1213.51
294.45        1430.92
296.57        1435.96
296.6        1317.21
295.65        1653.99
295.44        1721.83
296.57        1739.6
296.55        1858.59
296.37        1843.36
296.47        2263.45
296.41        2175.88
296.34        2295.01
295.3        2436.84
295.43        2520.46
296.51        2492.44
296.6        2570.82
296.51        2789.04
296.54        2742.47
295.63        3025.19
295.38        2942.83
295.58        3249.06
295.5        3194.09
296.53        3234.12
296.52        3482.43
295.54        3577.9
296.43        3660.39
296.61        3833.91
296.59        3875.29
295.61        3866.3
296.39        4013.76
295.64        4386.96
296.35        4325.84
296.57        4358.46
295.66        4571.06
296.41        4745.12
296.51        4629.92
294.29        4995.03
296.62        4849.67
295.52        4803.46
295.34        5072.2
296.54        5032.5
296.36        5262.9
295.63        5458.66
295.49        5542.04
296.56        5492.83
296.52        5630.42
294.36        5741.57
295.38        5740.1
296.48        6040.99
296.61        6002.67
296.61        6213.28
296.44        6231.11
295.58        6253.55
295.54        6343.99
296.5        6630.17
296.6        6539.83
296.32        6668.27
296.48        6944.92
296.46        6999.35
296.57        7130.09
296.48        7181.54
296.54        7377.18
296.53        7349.63
296.49        7528.91
295.35        7649.28
294.61        7581.65
295.33        7773.1
296.41        8027.41
296.54        8040.28
296.62        7996.1
295.38        8220.36
296.46        8261.51
296.57        8340.35
295.59        8573.68
296.43        8767.65
295.58        8651.59
295.4        8615.46
296.65        9007.54
296.53        8941.5
296.64        9063.09
296.44        9033.89
295.37        9246.79
296.46        9412.99
345.05        526.08
344.92        457.83
344.92        534.57
346.14        486.46
345.9        631.29
346.01        559.24
346.01        607.2
345.95        582.09
345.99        629.85
345.93        674.54
346.07        748.52
345.03        808.36
344.98        883.99
344.96        1057.05
345.91        1002.11
346.03        988.74
345        1123.93
346        1136.75
345.18        1275.79
344.97        1271.49
345.94        1434.24
345.11        1596.04
346.1        1826.98
346.06        1808.41
344.93        1940.63
345        2238.94
344.89        2171.31
344.82        2269.16
346.26        2197.27
345.08        2352.53
345.06        2483.41
346.01        2512.84
345.04        2698.01
345.01        2712.63
346.03        2988.37
346.09        3073.9
346.03        3110.82
345.94        3339.9
344.13        3353.04
344.99        3465.37
345.95        3530.54
345.95        3644.46
344.97        3847.24
344.98        3709.9
345.16        3878.4
345.99        3870.26
345.12        4098.31
345.98        4307.27
345.99        4334.77
345.91        4285.14
345.91        4582
346.07        4912.77
345.76        4788.01
345.09        4697.41
346.13        4797.16
346.08        4892.56
346.06        5001.45
346.05        5136.65
345.94        5429.51
346.11        5473.42
346.13        5510.96
346.08        5556.55
344.85        5703.08
345.94        5979.47
345.99        6076.35
346.04        6225.64
344.9        6090.32
345.06        6080.48
344.9        6417.98
345.99        6476.14
345.86        6501.73
345.95        6606.06
344.2        6731.35
346.01        6707.2
345.1        7144.39
344.94        6993.46
344.03        7163.29
345.86        7452.03
345.85        7272.41
346.16        7634
345.95        7554.55
346.06        7816.64
344.16        7666.55
345.09        7973.59
345.89        8023.54
346.17        8049.78
346.01        8244.43
345.01        8215.09
345.89        8250.07
346.1        8329.65
345.17        8506.96
345.9        8652.23
346.03        8688.93
345.92        8861.1
345.18        8927.66
346.08        9215.82
345.89        8984.04
345.85        9338.17
345.99        9387.74
346.03        9569.76
395.55        571.73
395.53        584.18
395.54        556.87
395.34        470.31
394.54        625.14
395.44        534.13
395.56        741.63
395.47        673.16
395.5        762.24
394.63        680.79
395.39        797.44
394.42        934.87
393.54        983.25
395.46        1007.69
394.46        932.14
394.56        1115.57
395.66        1346.14
395.47        1384.81
395.65        1360.26
395.41        1503.24
395.6        1466.32
394.49        1683.65
395.51        1825.97
395.52        1691.84
394.58        1875.78
395.45        2132.1
395.42        2278.06
395.44        2317.27
395.54        2482.25
394.64        2524.5
395.45        2598.97
394.36        2641.45
395.5        2632.41
395.57        2897.53
394.45        2969.94
395.56        3055.57
395.61        3156.87
395.52        3079.08
395.43        3323.45
394.49        3426
395.5        3730.28
394.59        3653.3
394.76        3803.36
395.34        3833.31
394.64        3865.95
395.36        4125.71
395.47        4263.68
394.47        4297.63
395.67        4336.9
395.45        4525.15
395.41        4355.54
395.63        4653
395.51        4833.06
395.53        4907.37
395.48        4915.55
395.48        5057.98
394.7        5015.76
394.53        5037.34
395.5        5282.43
394.37        5621.73
395.42        5544.27
395.33        5728.98
395.56        5754.11
395.56        5869.84
395.53        5867.95
394.48        6116.33
395.48        6229.6
395.4        6245.66
395.35        6231.78
395.57        6360.01
394.63        6798.39
394.36        6551.83
394.48        6908.53
395.54        6814.21
395.5        6864.94
394.4        6992.56
395.32        7231.03
395.65        7396.68
395.51        7362.97
395.42        7563.56
395.24        7485.8
395.42        7658.31
395.52        7659.64
394.43        7942.99
394.65        7978.03
395.63        8101.46
395.3        8282.24
395.51        8133.88
395.45        8347.95
395.5        8604.38
394.53        8540.57
395.48        8704.62
395.45        8737.93
395.43        8915.87
395.57        9043.7
395.69        9055.58
395.31        9068.13
395.74        9466.9
395.39        9290.16
395.51        9572.79
445.02        594.07
444.9        545.49
445.1        549.14
444.18        631.15
443.9        519.31
444.99        710.71
444.97        617.14
445.05        665.03
444.23        842.19
445.13        818.32
444.91        894.23
445.19        861.8
445.04        939.85
444.87        1297.87
445.11        959.67
442.77        1156.32
445.08        1310.93
444.94        1443.94
444.87        1383.06
445.03        1660.18
444.8        1685.12
443.92        1512.25
444.12        1875.32
445.16        1936.92
444.89        1943.56
444.94        2018.54
445.02        2297.15
445        2523.55
444.86        2554.75
443.96        2389.33
445.04        2592.87
445.11        2751.3
445.11        2775.76
444.04        2735.56
445.21        3010.72
445.02        3116.28
445.06        3064.17
445.07        3212.83
444.97        3623.79
444.93        3397.13
444.03        3583.43
444.86        3646.64
444.96        3852.46
445.24        3754.65
444.96        3947.36
445.32        4094.93
443.93        4140.79
444.92        4349.79
444.07        4446.64
444.89        4595.16
444.02        4523.93
444.15        4559.49
444.14        4881.89
445.04        4961.89
444.94        4939.5
443.02        4986.85
444.89        5235.64
445.07        5425.93
445.05        5290
445.04        5710.47
445.02        5539.53
445.14        5701.91
445.01        6005.43
445.09        6047.26
444.96        6085.04
443.12        6124.9
445.18        6141.09
443.92        6359.45
445.04        6278.71
444.92        6221.45
444.98        6724.12
444.1        6717.67
444.97        6812.67
444.9        6806.3
444.98        6919.13
445.12        7284.38
445.01        7270.54
445.02        7361.64
444.02        7460.44
445.04        7437.5
444.27        7586.5
444.74        7657.89
444.86        7888.65
444.94        7936.33
442.82        7900.49
443.88        8122.86
443.89        8173.53
444.96        8338.55
444.94        8286.48
445.01        8431.89
444.03        8615.6
445.07        8750.98
444.05        8551.41
444.92        9016.9
444.9        8969.83
442.16        9267.77
445.01        9261.72
444.99        9160.82
443.89        9399.09
444.9        9691.83
