267.92        275.16
263.29        270.82
226.95        234.21
303.38        311.65
299.21        307.44
296.57        304.98
334.95        343.94
365.38        375.53
347.11        356.34
382.52        392.89
392.48        402.67
444.52        456.73
509.16        521.13
569.31        582.82
574.06        588.47
553.81        568
660.31        676.3
729.19        746.19
854.57        872.79
930.89        950.15
924.21        944.02
938.77        958.9
1120.93        1144.1
868.97        891.95
880.4        903.5
1183.55        1207.57
960.21        985.23
1180.45        1209.35
1442.59        1470.43
1163.17        1192.09
1183.96        1213.26
1282.83        1315.2
1287.8        1319.61
1373.69        1406.94
1421.81        1456.23
1492.35        1527.99
1350.53        1384.37
1471.87        1507.69
1555.81        1593.12
1585.47        1623.44
1611.87        1650.3
1698.61        1738.89
1861.77        1904.27
1798.8        1841.04
2329.61        2373.82
1966.84        2011.56
2035.09        2081.85
1994.2        2039.67
2033.8        2080.92
2139.61        2188.13
2177.14        2226.6
2196.55        2246.42
2300.61        2352.65
2266.82        2318.62
2386.31        2439.81
2424.14        2478.55
2539.02        2595.92
2463.02        2518.52
2550.03        2607.16
2687.74        2747.3
2550.26        2607.24
2735.51        2795.99
2661.77        2721.63
2901.71        2965.69
2916.53        2981.28
2860.89        2923.56
3051.45        3118.69
2998.29        3063.65
3175.56        3244.99
3062.47        3130.16
3240.1        3310.87
3272.6        3344.16
3339.53        3412.14
3267.22        3338.97
3401.86        3476
3442.7        3517.34
3510.86        3587.28
3486.98        3563.38
3537.64        3615.04
3633.08        3712
3756.84        3837.54
3767.1        3848.68
3726.34        3806.98
3840.38        3923.18
3821.15        3904.7
3829.26        3912.42
4008.18        4093.93
3934.13        4020.05
4004.01        4089.84
4043.97        4130.49
4091.8        4181.01
4138.56        4227.94
4370.37        4464.26
4341.1        4434.53
4329.68        4422.48
4418.1        4512.9
4531.96        4628.58
4482.07        4578.08
4593.19        4691.54
4601.46        4699.8
277.07        284.28
292.19        300.42
292.23        300.52
252.96        260.6
267.48        274.4
366.82        376.88
306.47        314.87
310.11        318.93
362.94        373.55
430.96        442.33
388.46        399.59
429.84        441.61
462.95        475.36
571.65        585.86
554.45        569.44
602.68        618.04
599.07        614.35
652.45        669.12
763.98        782.04
744.94        765.08
828.93        850.2
716.98        735.24
840.59        861.87
852.39        874.64
1012.77        1037.2
1084.12        1109.43
1044.15        1069.19
980.4        1005.66
1264.96        1295.71
1115.14        1141.79
1176.26        1204.84
1309.34        1342
1295.66        1327.51
1347.47        1380.61
1418.54        1451.51
1463.33        1497.76
1571.92        1608.11
1553.13        1589.59
1587.63        1624.8
1644.77        1683.04
1684.46        1723.86
1746.78        1787.7
1844.69        1886.47
1855.08        1898.71
1894.33        1937.92
1873.21        1916.67
1927.75        1972.05
2100.68        2147.1
2074.89        2121.81
2075.04        2122.77
2260.19        2310.27
2279.21        2330.69
2286.77        2337.99
2360.43        2413.34
2384.32        2437.88
2458.37        2513.41
2522.94        2578.48
2467.24        2523.71
2548.16        2606.26
2688.33        2748.22
2731.37        2792.46
2696.26        2756.58
2798.21        2860.02
2786.17        2847.82
2791.22        2854.61
2939.89        3005.24
2963.77        3030.3
3047.02        3113.71
3046.43        3114.01
3111.82        3181.22
3173.14        3243.04
3266.94        3336.67
3257.55        3328.52
3341.21        3414.76
3283.67        3356.49
3370.64        3444.03
3348.2        3422.33
3496.12        3571.73
3694.17        3772.73
3601.39        3680.23
3619.25        3697.09
3674.53        3755.06
3769.75        3852.21
3828.89        3911.53
3752.64        3834.27
3898.88        3984.48
4108.1        4195.73
3981.29        4068.36
4026.12        4113.24
4061.99        4149.32
4110.99        4200.02
4208.61        4299.7
4289.82        4381.52
4268.84        4362.04
4455.89        4551.07
4282.46        4375.38
4349.36        4443.49
4500.39        4597.26
4596.04        4694.22
4521.48        4619.34
198.75        206.09
200.58        207.6
205.6        213.2
233.81        242.31
207.18        215.21
245.96        254.51
213.46        221.86
317.12        327.31
233.09        241.85
319.61        330.92
349.75        361.4
457.77        470.91
430.18        444.54
397.26        409.65
442.45        456.6
469.26        482.92
533.78        549.88
602.51        619.73
576.5        592.92
745        764.46
817.37        839.04
799.44        820.67
677.36        697.37
781.31        803.26
970.7        995.83
828.67        852.33
953.71        979.55
1081.53        1108.8
1005.65        1031.67
1098.73        1126.34
1130.32        1160.32
1118.58        1147.24
1252.58        1283.71
1259.38        1290.92
1440.06        1475.65
1407.02        1441.85
1342.25        1376.15
1448.79        1484.28
1484.1        1521.69
1686.67        1725.74
1685.02        1725.79
1630.52        1670.28
1680.87        1721.85
1868.7        1913.01
1901.35        1945.79
1819.78        1863.07
1982.28        2028.54
1956.7        2002.27
2088.19        2136.73
2075.73        2124.19
2159.73        2208.74
2165        2215.79
2228.33        2280.17
2261.51        2314.46
2287.14        2341.31
2380.07        2435.98
2388.04        2443.22
2364.26        2418.27
2438.27        2495.18
2610.67        2669.51
2750.41        2810.32
2677.16        2738.17
2729.63        2791.59
2856.85        2921.06
2775.11        2838.34
2819.65        2883.9
2875.39        2939.99
2949.76        3016.39
2934.29        3001.3
3011.01        3079.22
3050.95        3120.39
3108.4        3177.96
3303.94        3376.17
3352.16        3425.29
3420.25        3494.33
3281.64        3355.33
3302.52        3376.77
3578.5        3655.97
3595.38        3673.02
3688.01        3767.12
3576.32        3656.41
3659.46        3739.75
3803.23        3886.17
3768.54        3851.89
3860.74        3945.09
3775.43        3859.21
3946.06        4032.49
3943.09        4029.95
3948.52        4036.63
3996.38        4084.52
4140.86        4228.9
4227.84        4319.45
4132.46        4223.66
4379.3        4473.61
4368.62        4463.17
4217.69        4309.41
4276.31        4369.61
4457.11        4553.89
4519.35        4618.2
4511.95        4609.81
161.39        169.54
138.8        146.26
139.2        146.3
140.18        146.99
129.99        136.97
175.3        183.95
230.89        240.63
234.45        244.15
226.93        236.81
285.26        296.25
272.98        284.28
347.1        359.85
373.43        386.46
421.56        435.49
382.74        396.88
424.55        439.89
563.41        579.66
522.92        540.08
427.98        443.71
599.66        618.59
649.23        667.87
727.84        748.51
692.88        713.02
846.62        869.64
780.55        803.07
903.33        928.85
896.42        922.04
862.49        887.21
1093.44        1122.34
1088.25        1117.95
1096.55        1125.6
1196.52        1227.79
1239.97        1272.14
1210.19        1241.42
1327.28        1360.85
1275.22        1307.65
1475.06        1510.83
1398.05        1433.08
1532.18        1569.82
1439.94        1476.39
1599.51        1638.13
1681.2        1722.77
1784.54        1827.27
1758.39        1800.55
1904.63        1948.87
1851.01        1895.07
1994.68        2041.9
1946.83        1993.44
1960.11        2006.41
1998.48        2046.11
2139.32        2189.7
2177.64        2229.13
2193.91        2245.85
2265.43        2317.81
2343.66        2398.74
2355.31        2411.56
2250.35        2304.51
2400.65        2457.05
2528.6        2587.63
2554.97        2614.31
2695.82        2756.27
2668.1        2728.43
2635.71        2696.6
2760.96        2823.75
2760.46        2824.28
2778.24        2842.12
2793.46        2858.3
2910.5        2975.61
2976.54        3044.67
2915.88        2983.12
3001.19        3069.7
3255.9        3326.4
3070.91        3141.62
3274.58        3345.92
3249.36        3323.32
3347.32        3421.82
3330.75        3406.73
3508.98        3587.15
3469.08        3546.78
3575.47        3654.05
3502.16        3580.97
3656.02        3737.12
3612.29        3692.91
3643.61        3724.83
3825.57        3909.92
3731.91        3816.43
3802        3886.76
3856.51        3941.21
4184.18        4274.84
3932.05        4020.82
4054.36        4144.38
4064.74        4155.01
4131.52        4223.53
4221.19        4313.32
4157.5        4249.94
4263.28        4358.21
4290.5        4385.86
4379.97        4477.57
4381.91        4480.26
4551.87        4649.38
128.08        135.47
132.19        139.43
118.59        126.23
112.61        120.19
153.89        162.59
189.13        198.54
146.74        156.12
154.2        162.95
202.79        212.92
203.11        214.12
258.19        269.49
186.42        196.02
270.15        282.42
375.95        390.57
377.51        392.25
353.56        367.96
499.49        516.18
472.15        488.52
512.55        529.67
575.82        595.24
674.08        694.81
662.59        683.23
645        666.27
706.6        729.82
713.5        735.82
820.04        844.97
824        848.28
1003.36        1032.1
999.67        1028.53
1024.05        1052.48
1011.86        1039.88
1072.86        1101.59
1186.83        1218.58
1122.29        1152.28
1376.36        1411.89
1325.95        1359.89
1262.49        1296.98
1443.12        1480.81
1478.95        1517.77
1422.39        1459.27
1447.8        1486.09
1618.94        1658.9
1633.71        1675.43
1757.45        1800.2
1720.65        1764.79
1810.81        1854.95
1833.14        1878.32
1903.87        1950.73
1919.21        1966.56
1869.21        1914.5
2125.32        2175.96
2128.31        2179.49
2205.23        2257.11
2189.14        2241.52
2247.39        2301.7
2231.96        2285.75
2408.82        2464.43
2441.9        2499.05
2331        2386.59
2611.19        2671.48
2497.08        2556.72
2586.96        2647.32
2671.56        2733.89
2755.6        2818.45
2801.61        2866.13
2736.15        2800.7
2891.25        2957.05
2936.5        3004.05
2859.9        2925.88
3028.86        3098.78
3116.07        3185.39
3050.29        3120.76
3072.79        3144.21
3293.78        3367.28
3228.87        3303.39
3306.58        3380.94
3352.47        3426.94
3268.9        3344.75
3361.4        3438.11
3452.93        3531.54
3430.12        3508.34
3621.62        3702.44
3558        3639.33
3613.38        3695.76
3724.13        3807.8
3837.01        3922.09
3804.5        3889.34
3725.73        3810.8
3827.48        3914.27
3963.79        4052.95
4009.92        4099.97
4063.7        4154.25
4199.19        4291.2
4196.27        4289.58
4296.89        4391.92
4361.16        4457.76
4375.27        4471.14
4314.48        4409.88
4452.99        4550.99
4536.98        4635.45
67.77        74.97
86.25        93.79
96.78        104.38
83.14        90.96
126.71        135.45
147.16        156.33
132.91        141.93
170.09        180.6
133.75        143.02
159.02        169.75
259.13        270.84
218.03        229.6
217.68        229.9
269.35        282.34
298.89        313.83
404.97        420.94
383.65        399.74
473.06        490.6
407.8        423.97
575.44        595.34
657.5        678.92
614.65        635.79
591.63        613.32
697.22        719.81
659.28        681.4
829.44        855.03
863.63        890
987.73        1016.15
913.46        940.53
955.39        983.43
1092.38        1123.28
1070.9        1101.51
1266.88        1299.78
1239.47        1273.5
1247.09        1280.99
1272.86        1308.12
1392.73        1429.74
1421.98        1459.92
1396.03        1432.7
1380.69        1417.87
1476.38        1515.7
1433.19        1472.29
1698.94        1740.12
1617.67        1659.9
1751.28        1796.48
1738.87        1783.97
1937.66        1984.78
1826.92        1873.94
1916.74        1964.25
1949.51        1998.51
2038.51        2088.56
2139.89        2192.02
2052.83        2103.64
2191.99        2244.93
2127.68        2180.94
2230.53        2284.27
2452.62        2509.3
2338.11        2394.48
2355.23        2411.54
2301.83        2358.43
2535.27        2596.58
2513.74        2574.19
2580.22        2641.87
2709.59        2773.65
2611.2        2674.11
2801.33        2865.96
2715.73        2780.23
2778.2        2844.51
2900.17        2968.04
2854.77        2923.14
3117.72        3187.55
2974.41        3043.72
3139.29        3211.34
3107.32        3179.38
3024.27        3095.16
3258.52        3334.38
3229.26        3304.89
3154.15        3228.43
3387.65        3465.11
3374.67        3453.05
3538.02        3617.12
3376.86        3455.49
3463.8        3543.29
3624.92        3708.04
3558.6        3641.07
3708.56        3792.31
3782.95        3867.65
3899.61        3986.94
3808.16        3894.73
3988.79        4076.46
3933.21        4022.05
4076.93        4169.31
4049.53        4141.13
4217.78        4311.27
4057.86        4150.21
4144.16        4238.53
4316.55        4413.21
4287.72        4384.35
4334.55        4430.8
4406.88        4506.13
47.47        54.71
45.31        51.96
47.32        53.47
50.23        57.36
85.33        93.9
74.83        83.23
79.25        87.77
127.41        137.87
166.85        177.8
175.26        186.77
197.01        208.53
115.69        126.3
208.79        222.05
207.33        220.81
273.04        286.32
345.25        361.43
272.32        287.01
377.67        393.71
472.12        491.62
516.71        535.77
451.88        470.23
564.43        585.3
563.71        585.51
606.25        628.38
646.2        669.9
663.49        686.88
849.36        877.03
816.51        843.63
868.22        896.45
950.31        979.52
972.59        1002.81
938.32        967.79
1031.3        1061.99
1120.54        1153.35
1120.5        1152.37
1230.27        1264.98
1216.67        1251.01
1326.42        1362.77
1309.05        1345.95
1356.67        1394.59
1436.98        1476.56
1537.3        1577.94
1517.61        1559.32
1679.82        1722.93
1650.74        1694.07
1684.43        1728.1
1684.29        1729.45
1901.38        1949.25
1957.58        2005.59
1835.51        1883.04
1974.73        2025.16
2028.16        2079.95
2099.9        2151.08
2169.82        2224.53
2150.7        2203.13
2131.18        2183.84
2212.69        2267.96
2189.49        2244.92
2310.59        2367.99
2423.29        2482.23
2433.41        2494.24
2489.68        2549.84
2514.47        2576.33
2581.66        2643.36
2567.7        2630.7
2721.48        2786.77
2678.35        2743.51
2816.2        2883.22
2886.97        2954.76
2765.01        2832.15
2895.82        2964.86
3046.54        3117.07
2942.34        3012.38
3080.88        3153.01
3148.73        3222.76
3188.19        3262.6
3208.44        3284.43
3296.81        3373.46
3424.85        3502.93
3326.16        3404.1
3484.35        3564.18
3455.03        3536.48
3503.11        3584.57
3536.76        3619.07
3716.5        3801.31
3716        3801.2
3707.95        3792.77
3741.15        3827.96
3833.44        3920.77
3926.19        4014.3
4004.66        4095.42
4025.3        4117.72
4005.26        4096.17
3939.75        4030.87
4215.42        4310.23
4159.05        4252.66
4228.59        4323.86
4149.56        4245.1
4309.29        4406.95
4429.19        4527.59
44.94        52.75
24.05        30.79
48.87        56.38
34.1        41.8
73.99        82.99
53.58        62.01
50.95        59.8
46.45        54.5
102.41        112.15
96.26        106.53
111.67        122.37
140.19        151.99
199.02        211.15
230.13        244.18
245.81        259.45
217.06        231.29
296.6        311.9
281.12        296.79
331.34        348.92
364.72        381.73
409.85        428.69
464.59        483.83
582.2        604.67
598.31        621.38
667.61        691.32
793.81        820.79
778.68        804.08
758.82        785.56
777.14        803.5
881.6        909.38
890.58        919.5
904.78        935.25
999.97        1031.21
974.54        1005.8
1205.29        1239.63
1129.71        1164.88
1180.9        1215.99
1348.66        1386.43
1294.43        1331.95
1356.09        1394.7
1364.82        1405.27
1471.85        1513.08
1620.82        1663.27
1508.47        1549.92
1560.27        1603.5
1557.06        1599.8
1661.58        1707.93
1779.9        1827.51
1749.91        1797.18
1791.81        1839.42
1919.62        1968.96
2071.68        2124.59
2027.39        2078.9
1976.29        2028.1
2025.09        2077.13
2099.92        2153.65
2136.92        2191.73
2221.16        2277.1
2317.33        2375.81
2455.46        2514.6
2402.91        2462.43
2431.77        2491.82
2494.7        2556.99
2607.52        2671.5
2649.24        2714.72
2764.39        2830.5
2666.12        2731.65
2702.43        2768.29
2840.36        2908.85
2889.26        2957.91
2850.1        2919.26
2902.02        2973.04
2941.8        3013.34
3012.09        3083.88
3158.97        3233.52
3159.99        3233.85
3195.67        3271.43
3334.39        3413.6
3314.3        3391.3
3491.27        3571.83
3443.17        3522.39
3624.62        3706.73
3591.85        3672.36
3671.19        3754.8
3651.91        3736.02
3600.11        3684.58
3729.46        3816.46
3656.11        3742.02
3817.8        3904.61
3726.78        3814.63
3829.08        3919.12
3878.6        3969.57
3943.23        4034.35
4181.65        4275.38
4019.84        4113.21
4229.42        4325.56
4054.4        4148.67
4234.99        4332.76
4312.87        4410.52
4333.33        4432.91
49.66        57.48
17.46        25.14
11.37        18.87
9.13        15.98
31.31        39.73
29.31        37.09
67.58        77.49
58.53        67.42
80.2        90.69
31.21        40.07
111.89        122.62
178.88        191.16
165.87        179.39
166.22        179.62
161.18        173.75
199.98        215.05
283.46        300.34
370.22        388.01
337.35        354.68
349.16        367.45
376.4        394.63
485.69        506.41
528.41        550.92
459.38        480.16
563.9        586.02
691.31        716.2
717.04        743.53
737.09        763.69
829.68        858.42
847.08        876.13
885.98        915.49
893.56        923.92
915.05        945.19
1048.17        1081.18
1050.12        1083.63
1100.92        1135.37
1197.67        1233.35
1124.3        1158.77
1319.41        1356.66
1307.29        1345.39
1413.22        1454.05
1430.09        1470.22
1445.66        1487.63
1429.3        1471.88
1494.51        1537.27
1574.06        1619.34
1741.18        1786.62
1711.18        1758.02
1763.71        1811.18
1858.31        1907.25
1823.49        1870.84
1824.39        1874.45
1927.21        1979.6
2027.57        2080.77
2005.25        2057.81
2048.12        2102.03
2086.11        2140.02
2156.2        2211.34
2259.29        2315.76
2352.29        2412.62
2335.08        2394.56
2394        2454.55
2566.94        2628.45
2451.52        2514.39
2521.11        2583.65
2582.47        2647.82
2641.69        2708.43
2672.79        2739.27
2672.92        2739.57
2671.65        2739.52
2941.76        3013.3
2770.34        2839.44
2976.8        3049.77
3000.74        3072.76
2960.62        3032.95
3043.01        3117.36
3271.75        3347.79
3286.27        3364
3193.84        3271.23
3367.9        3446.93
3308.1        3386.14
3404.92        3485.78
3315.71        3397.27
3575.74        3659.09
3589.28        3673.1
3532.01        3616.27
3674.55        3760.82
3543.13        3628.11
3703.75        3790.71
3858.87        3948.43
3784.61        3873.91
3851.04        3942.03
3852.99        3944.17
4011.28        4104.38
4017.91        4112.31
4055.6        4149.88
4011.1        4105.47
4365.07        4463.1
4171.61        4268.07
4389.1        4488.28
7.36        14.74
5.71        12.44
8        15.61
11.64        19.86
6.37        13.18
46.04        55.05
34.72        43.69
31.42        40.1
68.65        79.24
82.68        94
96.68        108.09
75.25        86.23
100.38        112.55
231.57        246.98
104.28        116.95
174.64        189.75
243.58        259.77
279.42        296.57
275.45        292.1
363.07        382.64
382.89        402.75
318.16        336.3
475.43        497.76
513.42        536.43
504.89        527.67
558.17        582.06
678.45        704.28
790.94        819.22
734.75        763.12
703.48        730.44
775.71        804.97
890.81        921.48
897.19        928.56
907.13        937.27
998.6        1032.11
1050.24        1084.85
1032.4        1066.72
1066.91        1102.74
1330.77        1369.62
1292.25        1330.11
1281.5        1321.1
1340.16        1379.62
1436.03        1478.83
1449.62        1491.15
1444.73        1487.38
1582.17        1626.72
1527.67        1572.65
1654.16        1700.98
1691.62        1739.72
1783.42        1832.23
1725.86        1774.51
1759.28        1808.58
1930.31        1981.92
1971.35        2024.25
2004.03        2057.72
1923.69        1977.15
2079.91        2135.12
2305.3        2363.11
2105.75        2162.15
2275.92        2335.45
2214.37        2273.66
2276.33        2336.2
2475.32        2538.78
2485.24        2548.92
2525.89        2589.83
2560.64        2625.54
2601.01        2665.55
2678.88        2745.55
2660.38        2726.99
2551.65        2617.45
2828.1        2898.93
2914.87        2985.18
2901.71        2972.54
2936.82        3008.06
2966.32        3038.44
3050.53        3126.47
3057.92        3134
3211.72        3288.6
3310.58        3388.98
3187.63        3265
3208.19        3287.87
3278.71        3358.62
3361.1        3443.57
3506.51        3589.25
3497.56        3579.98
3488.07        3572.53
3708.54        3792.92
3675.42        3761.78
3562.57        3648.9
3622.33        3709.95
3748.78        3838.86
3850.28        3940.37
3694.37        3783.5
3971.93        4064.97
3917.95        4011.27
4042.93        4138.87
4086.74        4183.74
4053.57        4149.02
4099.6        4197.11
4312.9        4413.02
