267.92        275.16
263.29        270.82
226.95        234.21
303.38        311.65
299.21        307.44
296.57        304.98
334.95        343.94
365.38        375.53
347.11        356.34
382.52        392.89
392.48        402.67
444.52        456.73
509.16        521.13
569.31        582.82
574.06        588.47
553.81        568
660.31        676.3
729.19        746.19
854.57        872.79
930.89        950.15
924.21        944.02
965.02        985.15
1120.93        1144.1
1132.26        1155.24
1190.18        1213.3
1222.59        1246.61
1315.94        1340.96
1496.36        1525.26
1515        1542.84
1540.74        1569.68
1527.63        1556.95
1721.09        1753.5
1839.42        1871.23
1919.22        1952.87
1971.06        2005.48
1830.58        1866.22
1787        1820.84
2112.87        2148.89
2022.88        2060.19
2060.46        2098.69
2176.21        2214.64
2142.75        2183.03
2436.38        2478.88
2302.43        2345.05
2363.76        2407.97
2689.17        2733.89
2806.87        2853.63
2692.28        2737.75
2552.25        2599.37
2700.97        2749.49
2804.48        2853.94
3106.28        3156.61
3141.54        3193.58
2826.6        2878.4
3072.95        3126.45
3324.25        3378.66
3145.41        3202.31
3186.5        3242
3390.67        3447.8
3752.81        3813.01
3449.87        3506.85
3900.46        3960.94
3515.26        3575.12
4003.4        4068.2
3966.95        4031.7
3632.24        3696.61
3906.25        3973.49
3792.33        3857.69
4417.49        4487.72
3816.08        3883.77
4405.44        4477.07
4354.01        4425.57
4503.34        4575.95
4377.98        4449.73
4272.68        4346.82
4482.06        4556.7
4493.48        4569.9
4361.05        4437.45
4727.35        4808.23
4798.33        4877.25
5005.39        5087.29
4817.25        4898.83
4861.08        4941.72
4800.18        4882.98
5613.07        5696.62
5120.26        5203.42
5457.57        5543.32
5209.03        5294.95
5383.39        5471.8
5143.29        5229.81
5607.52        5696.73
5447.96        5537.34
5477.24        5571.13
5527.58        5621.01
6231.68        6324.48
5786        5880.8
5786.57        5883.19
6233.4        6329.41
6166.01        6264.36
5770.63        5870.41
376.03        383.26
437.55        445.96
442.7        451.03
394.37        405.79
345.6        352.66
549.69        559.79
452.47        467.13
454.9        463.72
541.8        554.73
631.39        647.74
648.1        659.25
669.28        681.33
669.61        683.14
896.34        910.57
923.81        943.58
941.65        957.07
956.92        972.26
1084.57        1101.24
1249.3        1271.78
1343.52        1365.04
1497.85        1519.12
1306.44        1326.04
1542.17        1586.75
1511.21        1567.52
1785.98        1810.41
1962.12        1987.43
1825.4        1854.5
1848.63        1873.97
2421.83        2493.08
2067.3        2109.17
2269.31        2310.33
2538.11        2577.49
2501.07        2545.92
2575.06        2634.92
2688.3        2753.09
2818.09        2881.92
2958.23        2995.72
2959.59        2999.53
3041.51        3078.68
3232.49        3275.5
3292.39        3342.79
3474.34        3515.26
3500.57        3542.35
3668.79        3712.42
3682.05        3725.64
3671.43        3714.89
3810.52        3856.22
4057.86        4147.84
4046.9        4099.7
4131.31        4235.02
4294.14        4377.24
4504.72        4556.2
4518.17        4569.39
4661.42        4809.49
4687.53        4816.23
4836.45        4924.71
4863.92        4919.46
5008.36        5064.83
5118.93        5212.19
5333.07        5427.52
5401.99        5562.58
5334.61        5429.65
5548.65        5610.46
5512.44        5574.09
5614.46        5722.59
5859.29        5924.64
5979.06        6058.11
5997.64        6093.77
6053.41        6130.77
6257.32        6326.72
6295.42        6383.04
6276.92        6416.91
6456.49        6557.24
6691.83        6812.78
6568.85        6641.67
6641.21        6853.88
6711.7        6850.65
6878.04        6971.67
7218.21        7296.77
7204.47        7285.39
7166.94        7244.78
7368.64        7525.37
7526.33        7659.57
7576.62        7659.26
7492.99        7679.06
7795.07        7982.53
8078.16        8181.29
7986.84        8093.83
7908.18        7995.3
8052.23        8203.84
8182.01        8424.36
8475.85        8566.94
8486.62        8578.32
8528.04        8750.34
8836.33        8931.51
8606.58        8737.9
8728.72        8865.59
8945.35        9209.04
9079.71        9233.47
8959.55        9241.07
327.73        335.13
331.48        346.72
362.41        370.21
398.48        407.04
344.66        358.67
436.86        445.51
374.95        384.35
545.53        556.08
402.49        416.89
587.18        599.03
655.75        681.46
754.78        768.06
850.49        865.31
675.57        708.62
833.4        852.73
840.01        853.73
1012.11        1042.17
1063.21        1080.49
1078.66        1110.66
1289.48        1311.56
1545.57        1567.36
1462.66        1495.29
1310.27        1347.24
1532.31        1564.88
1840.66        1865.79
1683.9        1713.96
1949.71        2002.35
2104.96        2132.23
2001.48        2027.5
2063.68        2091.29
2290.57        2320.57
2142.37        2171.81
2359.35        2449.26
2482.16        2575.52
2913.99        2949.58
2753.35        2842.28
2667.27        2706.95
2853.28        2888.77
3063.09        3117.08
3307.01        3356.42
3320.85        3424.98
3213.8        3298.98
3358.66        3433.7
3776.62        3820.93
3768.27        3812.71
3586.78        3634.75
3899.65        3985.09
3845.78        3891.71
4170.8        4244.34
4101.22        4159.72
4245.89        4382.66
4370.01        4420.8
4439.42        4495.22
4620.92        4684.29
4593.26        4740.73
4861.4        4925.55
4759.68        4814.86
4673.43        4780.04
4948.22        5005.13
5145.69        5293.89
5299.44        5376.99
5433.67        5528.32
5465.96        5578.32
5655.82        5834.55
5595.37        5743.34
5728.38        5792.63
5709.68        5862.06
5957.08        6051.33
5920.95        6064.32
6031.16        6102.11
6156.6        6226.04
6173.6        6325.42
6441.74        6622.73
6529.8        6694.77
6745.65        6819.73
6581.91        6793.28
6646.83        6743.46
7111.27        7188.74
7102.03        7179.67
7159.33        7281.3
7264.48        7344.57
7267.99        7466.34
7630.19        7713.13
7578.02        7754.15
7725.55        7817.66
7642.23        7757.07
7889.32        7975.75
7968.26        8127.36
8006.51        8094.62
8104.42        8192.56
8002.62        8090.66
8395.07        8486.68
8270.18        8504.9
8682.07        8943.24
8651.18        8762.65
8338.29        8597.73
8611.26        8729.96
8936.25        9204.01
9137.75        9236.6
8976.15        9197.67
359.99        368.24
290.36        298.06
295.78        303.1
270.82        281.21
246.83        254.05
348.06        361.47
488.12        498.08
439.47        449.43
442.59        452.65
545.15        559.56
526.85        538.21
661.05        674.88
744.66        758.47
829.47        843.52
758.21        773.69
873.03        914.67
986.67        1020.76
1027.48        1067.38
915.89        931.8
1200.24        1219.35
1192.16        1243.64
1342.68        1373.05
1345.33        1385.93
1657.43        1682.07
1559.78        1600.72
1839.35        1875.97
1821.68        1871.4
1762.03        1796.61
2224.4        2260.18
2205.89        2252.57
2212.38        2251.97
2363.85        2395.82
2495.09        2533.7
2480.86        2512.09
2631.07        2686.06
2518.09        2587
2813.15        2887.82
2802.56        2837.61
3041.9        3132.4
2864.91        2901.82
3188.35        3231.35
3406.9        3448.47
3535.33        3578.06
3510.68        3625.94
3765.2        3883.76
3629.66        3673.72
4014.27        4091.39
3929.59        4052.34
3844.17        3904.47
4015.77        4082.74
4270.69        4368.53
4353.57        4405.06
4398.84        4483.46
4499.19        4616.09
4685.26        4838.64
4797.65        4907.56
4640.45        4701.09
4851.85        4935.07
5126        5185.03
5095.76        5245.04
5253.15        5316.54
5239.75        5385.46
5227.81        5397.38
5506.93        5650.28
5604.82        5696.64
5580.71        5654.13
5693.41        5836.61
5803.37        5871.18
6016.02        6084.15
5941.25        6008.49
6064.35        6205.96
6388.3        6458.8
6197.85        6328.34
6400.24        6603.56
6654.74        6728.7
6681.41        6819.95
6780.86        6937
7048.19        7126.36
6894.27        7099.21
7047.71        7139.65
7049.73        7202.3
7275.52        7357.66
7292.32        7383.02
7323.19        7406.57
7647.42        7736.81
7605.45        7711.55
7698.51        7829.15
7683.86        7768.56
8318.91        8444.17
7990.82        8079.59
8191.41        8281.43
8164.95        8297.06
8262.79        8467.68
8412.92        8565.61
8465.85        8571.71
8676.74        8771.67
8672.55        8862.61
8926.77        9024.37
8900.42        9036.75
8996.65        9094.16
281.53        289.04
287.86        295.46
269.73        286.21
287.06        295.04
326.03        335.17
400.2        417.53
363.94        373.58
364.23        373.46
445.68        463.45
467.5        479.31
552.41        564.85
413.32        423.12
595.06        607.37
739.15        764.29
786.38        801.54
783.39        798.29
983.65        1000.8
914.16        930.71
1000.36        1017.94
1217.33        1247.63
1330.41        1351.48
1321.68        1354.14
1408.58        1433.13
1506.72        1545.5
1478.15        1500.77
1673.34        1698.29
1737.71        1762.11
2134.23        2163.15
2076.17        2105.03
2078.2        2143.03
2076.95        2110.77
2191.17        2220
2388.12        2475.67
2206.45        2277.28
2847.32        2882.85
2653.69        2687.85
2599.29        2634.24
3043.32        3096.93
3146.91        3186.13
2906.24        2949.92
3019.71        3058
3271.43        3311.39
3364.37        3406.09
3477.13        3519.88
3527.57        3571.91
3653.22        3697.36
3723.17        3837.15
3843.59        3981.65
3901.95        4000.62
3766.88        3812.17
4291.48        4411.38
4343.05        4394.23
4360.84        4467.58
4377.68        4454.32
4563.71        4618.02
4516.65        4617.82
4787.32        4892.31
4935.39        4992.54
4751.14        4875.29
5181.43        5241.72
5189.86        5249.5
5190.19        5322.87
5400.53        5474.38
5499.65        5562.5
5630.76        5777.46
5541.83        5688.8
5759.12        5951.32
5953.81        6060.38
5718.05        5867.83
6105.09        6304.13
6158.16        6320.04
6221.62        6292.09
6269.25        6340.67
6529.68        6640.48
6541.81        6732.75
6617.98        6718.96
6605.16        6737.15
6756.68        6832.53
6856.55        7014.76
7084.67        7189.72
7026.16        7104.38
7244.74        7356.42
7297.26        7378.59
7279.38        7474.58
7509.14        7592.81
7712.69        7797.77
7655.47        7740.31
7586.06        7787.85
7774.98        8008.49
8126.53        8225.93
8143.06        8399.99
8173.98        8321.91
8307.6        8461.29
8482.98        8637.95
8606.44        8803.99
8822.75        8919.35
8662.73        8782.02
8705        8800.4
8999.47        9097.47
9093.84        9192.31
211.79        219.49
244.56        252.48
248.13        256.39
258.28        280.58
312.35        321.91
329.77        339.16
338.42        347.66
440.36        451.23
333.26        343.29
392.33        412.02
525.14        537.49
488.06        499.93
541.75        555.55
592.78        622.51
729.08        744.5
879.74        895.87
811.65        828.08
1006.48        1030.74
896.14        913.53
1186        1225.1
1322.62        1344.06
1352.26        1392.4
1348.65        1398.7
1515.17        1537.94
1445.6        1468
1695.85        1758.56
1866.23        1893.14
2071.72        2101.58
1969.32        1996.39
2045        2116.1
2281.66        2312.78
2236.66        2267.63
2441.85        2475.11
2528.93        2562.96
2595.03        2629.47
2718.36        2753.98
2793.47        2892.36
2951.24        3052.76
2822.76        2859.85
2864.44        2920.66
3118.84        3158.16
3082.57        3122.05
3315.26        3356.44
3449.59        3491.82
3678.29        3732.45
3604.31        3671.17
3868.26        3915.38
3869.39        3916.41
3844.71        3924.34
4015.8        4137.36
4137.7        4187.75
4298.83        4366.14
4182.94        4286.09
4420.56        4516.34
4506.54        4559.8
4475.7        4597.84
4877.47        4994.37
4764.2        4887.29
4836.71        4893.02
4832.44        4889.04
5230.31        5292.22
5178.86        5260.01
5320.44        5382.09
5518.54        5582.6
5360.76        5493.53
5538.34        5721.83
5542.93        5607.43
5716.06        5782.37
5891.98        5959.85
5963.02        6031.39
6160.94        6230.77
6085.01        6154.32
6341.88        6469.51
6342.36        6439.12
6231.42        6302.31
6733.03        6808.89
6703.32        6790.55
6557.39        6631.67
6786.58        6921.44
6997.81        7076.19
7057.14        7257.92
6937.33        7135.88
7076.3        7155.79
7449.28        7532.4
7299.21        7497.2
7484.28        7568.03
7580.76        7720.34
7826.47        7913.8
7765.36        7900.27
7877.54        7965.21
8024.37        8113.21
8302.16        8460.12
8290.94        8382.54
8553.21        8646.7
8379.58        8471.93
8420.6        8683.37
8710.74        8903.46
8721.12        8983.81
8768.42        8864.67
9041.78        9179.19
194.5        202.48
167.9        174.93
161.04        167.53
181.04        188.79
275.16        284.83
226.79        250.17
244.14        255.04
349.47        371.31
423.03        435.14
452.06        463.79
494.54        506.46
393.21        403.98
598.5        612.94
572.61        608.45
615.91        629.51
776.54        793.8
690.58        706.97
873.84        898.5
1084        1111.88
1113.62        1132.98
980.64        1009.01
1279.74        1323.65
1352.33        1388.95
1372.06        1421.93
1504.99        1529.29
1489.28        1512.93
1901.96        1929.63
1813.04        1840.2
1921.53        1949.96
2062.27        2091.82
2157.19        2187.41
2110.51        2139.98
2201.48        2232.55
2400.95        2434.08
2333.8        2414.37
2629.52        2705.99
2580.19        2614.89
2858.58        2896.25
2806.65        2843.55
2824.77        2902.97
3085.47        3125.05
3177.03        3234.53
3251.36        3307.39
3421.25        3514.8
3478.53        3521.86
3436.38        3538.73
3616.42        3661.58
3986.97        4034.84
3893.42        4033.13
3953.12        4001.25
4179.56        4229.99
4317.52        4424.71
4245.51        4296.69
4608.76        4663.47
4446.53        4498.96
4393.02        4530.52
4655.63        4710.9
4639.38        4694.81
4872.08        4929.48
5038.45        5151.39
5118.98        5192.85
5071.3        5138.66
5188.88        5362.86
5312.45        5374.15
5325.93        5388.93
5617.99        5684.08
5572.61        5683.05
5785.21        5852.23
5812.93        5881.7
5832.11        5905.19
5913.21        6038.03
6162.92        6301.07
6082.93        6211.31
6257.85        6329.98
6467.22        6640.39
6575.57        6649.98
6702.1        6806.03
6754.93        6832.68
6931.13        7031.41
6898.14        7051.52
7094.36        7174.19
7198.44        7279.89
7088.98        7303.72
7338.41        7420.72
7514.69        7745
7556.93        7772.99
7546.91        7767.53
7782.17        7868.98
7791.34        7987.09
7921.86        8009.97
8106.34        8242.82
8315.81        8408.23
8203.41        8294.32
8129.45        8296.01
8501.47        8742.48
8486.08        8579.69
8619.32        8714.59
8579.01        8674.55
8733.77        8990.51
8958.6        9057
191.59        200.56
147.13        155.07
183.33        191.68
165.33        173.77
264.76        285.04
237.2        246.25
246.96        256.95
210.4        219.03
289.06        300.04
324.77        335.72
379.11        393.63
441.62        453.9
494.09        516.78
653.66        668.31
604.12        619.14
593.86        608.69
713.36        730.62
759.95        776.04
867.04        884.94
864.65        894.1
1014.9        1043.46
1125.89        1172.69
1390.8        1413.63
1351.01        1413.86
1463.2        1530.83
1792.13        1819.45
1717.91        1743.39
1801.31        1828.25
1734.63        1762.63
1885.6        1934.1
2010.11        2041.49
2046.31        2078.86
2227.53        2258.85
2249.06        2280.58
2505.95        2541.23
2599.48        2635.17
2593.86        2671.05
2843.19        2882.6
2864.86        2902.84
2956.02        3053.19
3006.32        3107.73
3142.37        3257.62
3367.95        3410.4
3172.75        3280.26
3380.1        3423.33
3342.4        3456.1
3594.14        3661.11
3834.89        3882.5
3810.08        3897.33
3783.92        3832.01
4080.43        4129.77
4417.37        4470.28
4286.74        4338.25
4206.55        4258.36
4285.6        4337.64
4378.72        4434.43
4498.13        4554.36
4630.74        4764
4910.66        4994.94
4971.84        5030.98
5008.27        5068.63
5007.16        5148.43
5190.96        5253.25
5435.35        5531.15
5575.59        5641.07
5706.66        5772.77
5581.25        5647.6
5540.36        5661.8
5878.93        6027.5
5953.78        6022.43
5962.26        6069.24
6097.35        6168.37
6208        6280.6
6180.24        6252.03
6616.34        6690.89
6465.21        6539.07
6628.21        6707.25
6921.64        7000.85
6678.01        6886.33
7111.28        7191.84
7002.33        7149.21
7283.65        7365.76
7100.63        7244.96
7419.67        7540.78
7483.53        7567.64
7513.76        7598.23
7682.85        7829.75
7656.1        7742.01
7701.76        7814.75
7745.14        7946.87
7948.04        8073.1
8122.74        8213.71
8154.23        8245.35
8328.13        8421.86
8353.71        8491.58
8662.28        8758.42
8443.74        8538.01
8759.63        8912.52
8836.16        8933.81
9027.02        9126.6
187.95        196.49
182.22        190.44
166.3        174.76
106.65        115.04
205.48        215.34
162.39        176.07
294.72        305.95
253.2        263.13
337.98        349.33
234.05        243.83
340.66        367.83
458.68        471.96
533.1        547.12
514.59        528.47
478.09        491.02
626.05        642.52
814.97        832.13
887.45        905.78
852.78        871.33
961.74        980.21
942.27        961.44
1153.35        1174.97
1282.38        1305.33
1160.22        1181.58
1336.32        1359.5
1594.22        1619.69
1738.77        1765.74
1751.06        1777.66
1919.65        1948.39
1947.37        1976.66
2025.09        2054.6
2042.1        2116.46
2057.42        2088.18
2308.12        2389.09
2398        2431.51
2483.92        2518.37
2615.75        2651.43
2498.92        2533.39
2726.75        2801.52
2862.65        2900.75
3153.84        3194.67
3067.52        3107.65
3203.96        3284.01
3242.93        3286.37
3285.87        3328.99
3533.74        3579.02
3668.74        3714.18
3687.14        3821.32
3754.01        3801.48
3927.32        3976.26
3753.49        3814.62
4051.94        4102
4223.61        4305.84
4309.15        4362.35
4309.06        4361.62
4438.44        4521.19
4408.88        4519.01
4393.17        4540.89
4682.81        4739.28
5004.56        5094.87
4937.56        4997.04
5110.85        5208.42
5126.66        5306.31
5248.33        5311.2
5261.13        5323.67
5492.19        5585.88
5615.47        5682.21
5621.39        5688.53
5592.37        5748.76
5755.76        5823.63
6152.37        6325.03
5931.5        6000.6
6281.91        6354.88
6207.23        6279.25
6240.31        6312.64
6374.3        6449.53
6607.18        6684.46
6770.12        6847.85
6724.67        6855.22
6899.91        7027.44
6864.11        6942.15
6959.84        7154.8
7069.62        7151.18
7268.39        7457.92
7339.25        7423.07
7481.08        7565.34
7646.66        7732.93
7499.22        7584.2
7704.48        7791.44
7965.43        8054.99
7872.94        8107.16
8056.89        8147.88
8095.6        8260.8
8267.75        8360.85
8338.63        8603.15
8407.75        8502.03
8425.16        8519.53
8834.01        8932.04
8648.93        8745.39
8891.33        9169.93
135.17        143.95
85.97        96.7
129.08        137.49
144.23        153.39
92.83        100.66
197.3        208.29
193.08        202.97
187.28        196.98
328.01        339.06
329.49        342.23
356.09        368.44
350.08        365.06
426.46        439.71
731.59        747.42
445.63        467.34
598.42        627.55
728.46        745.57
841.98        860.53
786.27        803.14
1041.23        1075.58
1055        1098.02
917.24        937.2
1273.96        1297.03
1312.79        1336.18
1303.21        1326.25
1381.38        1405.97
1640.51        1668.58
1872.65        1901.61
1893.04        1921.79
1726.93        1753.89
1943.9        1973.98
2097.07        2127.74
2105.12        2157.15
2057.97        2114.07
2346.77        2380.74
2432.08        2476.63
2389.15        2423.47
2532.55        2574.28
2920.2        3002.99
2754.75        2792.61
2900.5        2940.1
2975.68        3015.14
3182.7        3225.74
3069.27        3111.44
3270.54        3313.19
3408.33        3452.88
3464.22        3510.08
3667.73        3714.55
3734.38        3832.42
3907.5        3957.79
3826.84        3876.23
3860.55        3909.85
4176.01        4228.1
4276.95        4329.85
4215        4368.49
4288        4341.46
4532.89        4588.1
4738.64        4796.45
4585.92        4642.32
5018.15        5077.68
4831.71        4939.22
4996.63        5056.5
5326.47        5389.93
5335.14        5398.82
5379.86        5443.8
5421.06        5485.96
5443.07        5509.31
5663.71        5730.38
5528.86        5687.19
5507.61        5573.41
6035.76        6106.59
6000.12        6073.55
6080.86        6151.69
6092.59        6163.83
6205.26        6277.38
6560.15        6636.09
6502.73        6657.89
6621.38        6743.56
6648.48        6881.08
6740.75        6818.12
6860.69        6940.37
6926.02        7005.93
7135.15        7301.74
7210.95        7293.69
7181.44        7263.86
7310.94        7547.74
7451.02        7536.64
7595.52        7681.88
7528.82        7740.23
7693.31        7780.93
7859.81        7972.11
7998.19        8098.6
7787.4        8020.69
8285.97        8379.01
8216.32        8336.02
8524.18        8737.7
8510.51        8664.87
8408.41        8503.86
8663.34        8760.85
8946.08        9046.2
